0	4970
1	2306
2	2305
3	3639
4	10656
5	2304
6	2303
7	2302
8	2301
9	2300
10	3630
11	4961
12	3631
13	4962
14	3632
15	4963
16	4964
17	3634
18	4966
19	2308
20	3636
21	4967
22	2307
23	4968
24	3650
25	3651
26	2320
27	0
28	2317
29	10668
30	1
31	2316
32	2
33	2315
34	3
35	2314
36	4
37	5
38	2312
39	2311
40	6
41	2310
42	7
43	8
44	3641
45	9
46	3645
47	2319
48	2318
49	3660
50	4991
51	3661
52	1000
53	2328
54	2327
55	2326
56	2325
57	2324
58	2323
59	2322
60	2321
61	4983
62	3653
63	3670
64	3671
65	3672
66	2342
67	1011
68	1010
69	2340
70	1008
71	2338
72	1007
73	1006
74	2336
75	1005
76	1004
77	2334
78	1003
79	1002
80	1001
81	3663
82	3664
83	3665
84	4999
85	3669
86	10643
87	1009
88	3680
89	3681
90	3682
91	2353
92	1022
93	1021
94	2351
95	1020
96	2350
97	6708
98	1019
99	2349
100	6707
101	11943
102	1018
103	2348
104	1017
105	6709
106	1016
107	2346
108	1015
109	1014
110	2344
111	1013
112	2343
113	1012
114	6700
115	3675
116	3677
117	6701
118	3678
119	6704
120	3679
121	3691
122	3692
123	3694
124	3695
125	2364
126	1033
127	2363
128	1032
129	1031
130	2361
131	1030
132	2360
133	6718
134	1029
135	1028
136	2358
137	1027
138	1026
139	2356
140	10627
141	1025
142	1024
143	2354
144	1023
145	3685
146	6711
147	6710
148	3687
149	6713
150	6712
151	3689
152	10620
153	1044
154	2374
155	1043
156	2373
157	1042
158	2372
159	1041
160	2371
161	1040
162	2370
163	1039
164	2369
165	1038
166	2368
167	1037
168	1036
169	1035
170	2365
171	1034
172	3696
173	3697
174	6721
175	3698
176	6724
177	3699
178	6723
179	6727
180	6740
181	6742
182	1055
183	1054
184	2384
185	1053
186	2383
187	1052
188	2382
189	1051
190	1050
191	2380
192	1049
193	1048
194	2378
195	1047
196	2377
197	1046
198	1045
199	5401
200	5403
201	5404
202	5405
203	5406
204	5407
205	5408
206	5421
207	5422
208	2397
209	1066
210	1065
211	1064
212	2394
213	1063
214	2393
215	1062
216	1061
217	2391
218	1060
219	2390
220	12439
221	1059
222	1058
223	1057
224	2387
225	1056
226	5414
227	11101
228	5418
229	5419
230	5430
231	6762
232	6761
233	5431
234	5432
235	5433
236	1077
237	1076
238	1075
239	1074
240	1073
241	1072
242	1071
243	1070
244	1069
245	2399
246	1068
247	1067
248	5423
249	6755
250	11111
251	5424
252	5425
253	5427
254	11114
255	5429
256	1080
257	6770
258	6773
259	4112
260	4113
261	5444
262	1088
263	1087
264	1086
265	1085
266	1084
267	1083
268	1082
269	1081
270	1079
271	1078
272	5434
273	6766
274	5435
275	6765
276	5436
277	4106
278	5437
279	5438
280	4108
281	5439
282	6769
283	1091
284	1090
285	5451
286	4121
287	5452
288	4122
289	5453
290	6786
291	5454
292	4124
293	1099
294	1098
295	1097
296	1096
297	1095
298	1094
299	1093
300	1092
301	1089
302	5445
303	6777
304	4115
305	4116
306	4117
307	4118
308	4119
309	12424
310	5460
311	5461
312	4131
313	5463
314	4133
315	5464
316	4134
317	5465
318	4135
319	5466
320	4128
321	10694
322	9819
323	10699
324	5471
325	4143
326	4146
327	5477
328	13739
329	200
330	201
331	202
332	203
333	204
334	205
335	4136
336	206
337	207
338	5468
339	208
340	4139
341	209
342	4150
343	5481
344	4157
345	9842
346	210
347	211
348	212
349	213
350	214
351	215
352	216
353	217
354	218
355	219
356	4161
357	4164
358	4168
359	4160
360	220
361	221
362	222
363	223
364	224
365	225
366	226
367	227
368	228
369	4159
370	229
371	4172
372	9862
373	4177
374	4178
375	230
376	231
377	232
378	233
379	234
380	235
381	236
382	237
383	238
384	4169
385	239
386	9858
387	9857
388	4185
389	8545
390	4188
391	4189
392	8543
393	4181
394	240
395	241
396	242
397	243
398	244
399	245
400	246
401	247
402	248
403	249
404	9869
405	8536
406	14108
407	4195
408	4196
409	8551
410	9882
411	7224
412	4199
413	7226
414	9886
415	4191
416	250
417	251
418	252
419	253
420	254
421	255
422	256
423	257
424	258
425	259
426	12375
427	8548
428	12380
429	7231
430	11052
431	12385
432	9896
433	7236
434	260
435	261
436	262
437	263
438	264
439	265
440	266
441	267
442	268
443	269
444	7243
445	8579
446	12352
447	13681
448	270
449	271
450	272
451	8571
452	273
453	274
454	275
455	276
456	277
457	278
458	279
459	7238
460	11027
461	7253
462	8586
463	8583
464	8584
465	8587
466	8588
467	280
468	281
469	282
470	283
471	8582
472	284
473	285
474	8580
475	286
476	287
477	288
478	289
479	8597
480	8594
481	290
482	291
483	292
484	293
485	294
486	295
487	296
488	297
489	298
490	299
491	11001
492	7299
493	7298
494	7290
495	7292
496	7294
497	14152
498	9008
499	9005
500	9000
501	9018
502	3704
503	3705
504	3708
505	3709
506	3700
507	3701
508	3702
509	9025
510	3716
511	3717
512	3712
513	9035
514	9038
515	9039
516	9031
517	3726
518	3727
519	3728
520	3729
521	3720
522	3722
523	3723
524	9042
525	3738
526	2403
527	2402
528	2401
529	11088
530	3731
531	3734
532	2407
533	2406
534	3736
535	2416
536	2415
537	2414
538	2413
539	2412
540	2410
541	3743
542	2419
543	2418
544	3746
545	2417
546	3761
547	2430
548	2427
549	3759
550	2426
551	2425
552	2424
553	2423
554	2422
555	2421
556	2420
557	3751
558	3752
559	3754
560	3755
561	3757
562	2428
563	3758
564	3772
565	2441
566	1110
567	2440
568	2438
569	1107
570	2437
571	1106
572	2436
573	1105
574	2435
575	1104
576	2434
577	1103
578	2433
579	1102
580	2432
581	13817
582	1101
583	2431
584	1100
585	3762
586	3763
587	3766
588	3767
589	3768
590	1109
591	2439
592	3769
593	1108
594	3780
595	3781
596	3782
597	2452
598	1121
599	2451
600	1120
601	2450
602	2449
603	6807
604	1118
605	2448
606	1117
607	2447
608	10758
609	1116
610	6808
611	1115
612	1114
613	2444
614	1113
615	1112
616	2442
617	1111
618	3773
619	3777
620	3778
621	6802
622	3779
623	1119
624	3790
625	3791
626	3792
627	3793
628	3794
629	2463
630	1132
631	2462
632	1131
633	2461
634	1130
635	2460
636	6818
637	1129
638	2459
639	6817
640	1128
641	2458
642	1127
643	2457
644	1126
645	2456
646	1125
647	2455
648	1124
649	2454
650	1123
651	2453
652	1122
653	3784
654	6810
655	3786
656	6812
657	3787
658	3788
659	6813
660	10762
661	1143
662	2473
663	1142
664	2472
665	1141
666	2471
667	1140
668	2470
669	1139
670	2469
671	1138
672	2468
673	1137
674	1136
675	2466
676	1135
677	2465
678	1134
679	2464
680	1133
681	3795
682	3797
683	3798
684	3799
685	6826
686	2485
687	1154
688	2484
689	1153
690	2483
691	1152
692	2482
693	2481
694	1150
695	16040
696	2480
697	5508
698	1149
699	2479
700	1148
701	2478
702	1147
703	1146
704	2476
705	1145
706	2475
707	1144
708	5501
709	6831
710	6838
711	5507
712	5520
713	2496
714	1165
715	2495
716	1164
717	2494
718	1163
719	2493
720	1162
721	2492
722	1161
723	2491
724	1160
725	2490
726	1159
727	10716
728	1158
729	2488
730	1157
731	2487
732	1156
733	2486
734	1155
735	5512
736	5513
737	5518
738	6861
739	6860
740	1176
741	1175
742	1174
743	1173
744	1172
745	1171
746	1170
747	1169
748	1168
749	2498
750	10729
751	1167
752	2497
753	1166
754	5525
755	5526
756	6870
757	4211
758	1187
759	1186
760	1185
761	1184
762	1183
763	1182
764	1181
765	1180
766	1179
767	1178
768	1177
769	5533
770	5534
771	4205
772	4207
773	5538
774	11224
775	1190
776	4221
777	5553
778	6885
779	6884
780	1198
781	1197
782	1196
783	1195
784	1194
785	1193
786	1192
787	1191
788	1189
789	1188
790	6878
791	11237
792	6890
793	6891
794	4232
795	1199
796	4227
797	11200
798	12533
799	5571
800	5574
801	5576
802	300
803	301
804	302
805	303
806	304
807	5566
808	305
809	4236
810	5567
811	306
812	4237
813	307
814	5569
815	308
816	309
817	9926
818	12545
819	5580
820	4250
821	4253
822	8611
823	5584
824	4254
825	4256
826	9941
827	310
828	311
829	312
830	313
831	314
832	315
833	316
834	317
835	9936
836	318
837	4249
838	319
839	8603
840	9938
841	4261
842	4262
843	5594
844	4264
845	4265
846	4266
847	8620
848	5598
849	320
850	321
851	322
852	323
853	324
854	325
855	326
856	327
857	8615
858	9946
859	5589
860	328
861	329
862	8614
863	8617
864	4274
865	7301
866	7303
867	9962
868	330
869	331
870	332
871	333
872	334
873	335
874	336
875	337
876	338
877	339
878	8624
879	8628
880	4283
881	4285
882	7312
883	340
884	341
885	342
886	343
887	344
888	345
889	346
890	347
891	348
892	7305
893	349
894	9968
895	7307
896	7306
897	9967
898	4297
899	7322
900	7324
901	350
902	351
903	352
904	353
905	354
906	355
907	356
908	357
909	358
910	359
911	7315
912	7317
913	8647
914	7319
915	10
916	11
917	7330
918	12
919	13
920	14
921	7331
922	15
923	6003
924	16
925	17
926	18
927	19
928	360
929	361
930	362
931	363
932	364
933	365
934	366
935	367
936	368
937	369
938	20
939	21
940	22
941	23
942	24
943	25
944	6011
945	26
946	6014
947	27
948	28
949	29
950	370
951	371
952	372
953	373
954	374
955	375
956	376
957	377
958	378
959	379
960	7337
961	6009
962	6008
963	30
964	31
965	32
966	33
967	6021
968	34
969	8685
970	35
971	36
972	6022
973	7353
974	37
975	38
976	39
977	7358
978	6026
979	380
980	381
981	382
982	7350
983	383
984	384
985	385
986	386
987	387
988	388
989	389
990	6018
991	8679
992	40
993	41
994	42
995	43
996	44
997	7363
998	6032
999	45
1000	46
1001	7365
1002	47
1003	48
1004	49
1005	6035
1006	7366
1007	390
1008	391
1009	392
1010	8691
1011	393
1012	394
1013	6030
1014	395
1015	396
1016	397
1017	398
1018	399
1019	50
1020	51
1021	52
1022	53
1023	54
1024	55
1025	56
1026	6042
1027	57
1028	6045
1029	58
1030	59
1031	11151
1032	6046
1033	6041
1034	6040
1035	6039
1036	60
1037	12485
1038	61
1039	62
1040	63
1041	64
1042	65
1043	66
1044	67
1045	6053
1046	68
1047	69
1048	6059
1049	7381
1050	6052
1051	6051
1052	70
1053	71
1054	72
1055	73
1056	74
1057	75
1058	76
1059	77
1060	78
1061	79
1062	6069
1063	80
1064	81
1065	82
1066	83
1067	84
1068	85
1069	86
1070	87
1071	88
1072	89
1073	6078
1074	9107
1075	6072
1076	6071
1077	90
1078	91
1079	92
1080	93
1081	94
1082	95
1083	96
1084	97
1085	98
1086	99
1087	6087
1088	9113
1089	6086
1090	6089
1091	6081
1092	6080
1093	6082
1094	6084
1095	3803
1096	3804
1097	3805
1098	3807
1099	3808
1100	9108
1101	9109
1102	3800
1103	3801
1104	3802
1105	6097
1106	6094
1107	6093
1108	6096
1109	6095
1110	3815
1111	3816
1112	3817
1113	3818
1114	3811
1115	3825
1116	3826
1117	3827
1118	3828
1119	3823
1120	3824
1121	2504
1122	2501
1123	3839
1124	2500
1125	3830
1126	2509
1127	2508
1128	2506
1129	2505
1130	3835
1131	2515
1132	3848
1133	2513
1134	3849
1135	2512
1136	2511
1137	2510
1138	2519
1139	3843
1140	2518
1141	3844
1142	2517
1143	3845
1144	2516
1145	3846
1146	2526
1147	3858
1148	2525
1149	3859
1150	2524
1151	2523
1152	2522
1153	2521
1154	2520
1155	3850
1156	3851
1157	3852
1158	3854
1159	2529
1160	2528
1161	2527
1162	3857
1163	9179
1164	9177
1165	2540
1166	9171
1167	9172
1168	9176
1169	9174
1170	2537
1171	3869
1172	1206
1173	2536
1174	1205
1175	2535
1176	1204
1177	2534
1178	1203
1179	2533
1180	1202
1181	2532
1182	1201
1183	2531
1184	1200
1185	2530
1186	3861
1187	3864
1188	3865
1189	3866
1190	1209
1191	2539
1192	1208
1193	2538
1194	1207
1195	9188
1196	3880
1197	3881
1198	3882
1199	1220
1200	2548
1201	1217
1202	1216
1203	1215
1204	1214
1205	1213
1206	1212
1207	2542
1208	1211
1209	2541
1210	1210
1211	3872
1212	3874
1213	3875
1214	3876
1215	3877
1216	1219
1217	3879
1218	1218
1219	3890
1220	3891
1221	3892
1222	1231
1223	2561
1224	1230
1225	9191
1226	9195
1227	9196
1228	2559
1229	6917
1230	1228
1231	1227
1232	2557
1233	1226
1234	2556
1235	1225
1236	1224
1237	1223
1238	1222
1239	1221
1240	3883
1241	3884
1242	3886
1243	6910
1244	3888
1245	1229
1246	1242
1247	2572
1248	1241
1249	1240
1250	2570
1251	1239
1252	2569
1253	1238
1254	1237
1255	1236
1256	2566
1257	1235
1258	1234
1259	2564
1260	1233
1261	2563
1262	1232
1263	3894
1264	6920
1265	3895
1266	6922
1267	6926
1268	1253
1269	1252
1270	1251
1271	1250
1272	5608
1273	1249
1274	2579
1275	1248
1276	1247
1277	2577
1278	1246
1279	2576
1280	1245
1281	2575
1282	1244
1283	2574
1284	1243
1285	5600
1286	6930
1287	5601
1288	5602
1289	5603
1290	6935
1291	5604
1292	6934
1293	6951
1294	5620
1295	2595
1296	1264
1297	1263
1298	2593
1299	1262
1300	1261
1301	1260
1302	5618
1303	6949
1304	1259
1305	1258
1306	1257
1307	1256
1308	2586
1309	1255
1310	2585
1311	1254
1312	5612
1313	5613
1314	5616
1315	6947
1316	5617
1317	6960
1318	5630
1319	5631
1320	1275
1321	1274
1322	1273
1323	1272
1324	1271
1325	1270
1326	1269
1327	2599
1328	1268
1329	2598
1330	1267
1331	2597
1332	1266
1333	2596
1334	1265
1335	5621
1336	6955
1337	6957
1338	6956
1339	5627
1340	6958
1341	5640
1342	5641
1343	6973
1344	1286
1345	1285
1346	1284
1347	1283
1348	1282
1349	1281
1350	1280
1351	1279
1352	1278
1353	1277
1354	1276
1355	5632
1356	6963
1357	5633
1358	6966
1359	5637
1360	5639
1361	6984
1362	5653
1363	6983
1364	1297
1365	1296
1366	1295
1367	1294
1368	1293
1369	1292
1370	1291
1371	1290
1372	10846
1373	1289
1374	1288
1375	1287
1376	5643
1377	5645
1378	4315
1379	5646
1380	5661
1381	4331
1382	5662
1383	4332
1384	5663
1385	3002
1386	3000
1387	1299
1388	1298
1389	4323
1390	5654
1391	4324
1392	5656
1393	4326
1394	4327
1395	4328
1396	5659
1397	6989
1398	4329
1399	5670
1400	5671
1401	5672
1402	5673
1403	5674
1404	3012
1405	3011
1406	3010
1407	3008
1408	3006
1409	400
1410	3005
1411	401
1412	3004
1413	402
1414	403
1415	5665
1416	404
1417	10022
1418	4335
1419	405
1420	11352
1421	4336
1422	5667
1423	406
1424	4337
1425	5668
1426	407
1427	5669
1428	408
1429	409
1430	5680
1431	4351
1432	5682
1433	4354
1434	4355
1435	3023
1436	3020
1437	3019
1438	3018
1439	410
1440	411
1441	412
1442	413
1443	414
1444	4345
1445	415
1446	5677
1447	416
1448	4347
1449	5678
1450	417
1451	4348
1452	8702
1453	418
1454	4349
1455	419
1456	4360
1457	5691
1458	5692
1459	5693
1460	4364
1461	5695
1462	4365
1463	4366
1464	3035
1465	3034
1466	3033
1467	3032
1468	3031
1469	420
1470	3029
1471	421
1472	3028
1473	422
1474	3027
1475	423
1476	3026
1477	424
1478	3025
1479	425
1480	5687
1481	426
1482	4357
1483	427
1484	428
1485	4359
1486	429
1487	4375
1488	8733
1489	4377
1490	3046
1491	3045
1492	3044
1493	3043
1494	3042
1495	13969
1496	430
1497	12639
1498	431
1499	432
1500	12637
1501	3039
1502	433
1503	3038
1504	434
1505	3037
1506	435
1507	3036
1508	436
1509	5698
1510	437
1511	4368
1512	438
1513	4369
1514	439
1515	4381
1516	4383
1517	7411
1518	7410
1519	4387
1520	8742
1521	3057
1522	3055
1523	3053
1524	3052
1525	3050
1526	4380
1527	440
1528	441
1529	442
1530	443
1531	444
1532	445
1533	3048
1534	446
1535	447
1536	448
1537	449
1538	11312
1539	3060
1540	4392
1541	4393
1542	7424
1543	3067
1544	3066
1545	3064
1546	3063
1547	4390
1548	450
1549	451
1550	452
1551	453
1552	454
1553	455
1554	456
1555	457
1556	3058
1557	458
1558	459
1559	7414
1560	8761
1561	3070
1562	6100
1563	8765
1564	3076
1565	3074
1566	460
1567	3072
1568	461
1569	462
1570	463
1571	464
1572	12625
1573	465
1574	466
1575	467
1576	468
1577	469
1578	7426
1579	8756
1580	3082
1581	3081
1582	3080
1583	7442
1584	8770
1585	6110
1586	6112
1587	6115
1588	6114
1589	8775
1590	3089
1591	3088
1592	3086
1593	3085
1594	470
1595	3084
1596	471
1597	3083
1598	472
1599	473
1600	474
1601	476
1602	477
1603	478
1604	479
1605	6105
1606	6107
1607	3092
1608	3091
1609	3090
1610	6124
1611	8785
1612	3098
1613	3097
1614	480
1615	3096
1616	481
1617	3095
1618	482
1619	3094
1620	483
1621	484
1622	485
1623	486
1624	487
1625	488
1626	489
1627	6117
1628	13018
1629	6132
1630	6134
1631	490
1632	491
1633	492
1634	493
1635	494
1636	495
1637	496
1638	497
1639	498
1640	499
1641	6127
1642	6142
1643	6141
1644	6144
1645	6146
1646	7477
1647	6145
1648	6148
1649	7471
1650	6139
1651	6158
1652	7482
1653	6168
1654	6167
1655	7492
1656	6161
1657	6176
1658	9200
1659	6178
1660	6171
1661	6170
1662	6173
1663	6188
1664	6187
1665	6189
1666	11252
1667	6180
1668	3902
1669	3903
1670	3906
1671	3907
1672	3900
1673	13085
1674	9226
1675	3914
1676	3919
1677	9219
1678	3910
1679	3911
1680	9234
1681	9233
1682	3926
1683	3928
1684	3929
1685	3920
1686	3921
1687	3922
1688	2603
1689	3935
1690	2601
1691	3937
1692	2600
1693	3938
1694	3939
1695	2609
1696	2608
1697	3930
1698	2607
1699	3931
1700	2606
1701	3932
1702	3933
1703	2604
1704	3934
1705	9251
1706	2614
1707	2613
1708	2612
1709	3948
1710	2611
1711	3949
1712	2610
1713	2619
1714	3942
1715	3943
1716	2616
1717	3944
1718	2615
1719	3945
1720	9263
1721	2625
1722	2624
1723	2623
1724	3959
1725	2621
1726	3950
1727	3951
1728	2629
1729	3954
1730	3955
1731	2626
1732	3956
1733	3970
1734	9270
1735	3968
1736	1305
1737	2635
1738	3969
1739	1304
1740	1303
1741	1302
1742	2632
1743	1301
1744	2631
1745	1300
1746	3960
1747	3961
1748	3962
1749	3963
1750	3964
1751	1309
1752	3965
1753	1308
1754	2638
1755	3966
1756	1307
1757	1306
1758	3979
1759	1316
1760	2646
1761	1315
1762	1314
1763	1313
1764	1312
1765	1311
1766	1310
1767	2640
1768	3971
1769	3973
1770	3974
1771	3975
1772	1319
1773	3977
1774	1318
1775	1317
1776	3991
1777	9292
1778	1330
1779	9293
1780	9296
1781	1327
1782	1326
1783	1325
1784	2655
1785	1324
1786	1323
1787	2654
1788	1322
1789	1321
1790	1320
1791	3983
1792	3985
1793	3988
1794	1329
1795	1328
1796	1341
1797	1340
1798	2670
1799	1338
1800	2668
1801	1337
1802	1336
1803	1335
1804	1334
1805	1333
1806	2663
1807	1332
1808	1331
1809	3994
1810	3998
1811	3999
1812	1339
1813	2683
1814	1352
1815	2682
1816	1351
1817	2681
1818	1350
1819	2680
1820	1349
1821	2679
1822	1348
1823	1347
1824	2677
1825	1346
1826	2676
1827	1345
1828	2675
1829	1344
1830	2674
1831	12728
1832	1343
1833	2673
1834	1342
1835	5700
1836	5701
1837	5702
1838	5703
1839	5704
1840	5705
1841	1363
1842	2693
1843	1362
1844	1361
1845	2691
1846	1360
1847	2690
1848	10997
1849	1359
1850	5719
1851	1358
1852	2688
1853	1357
1854	2687
1855	1356
1856	2686
1857	2685
1858	1354
1859	2684
1860	1353
1861	5712
1862	5716
1863	5730
1864	1374
1865	1373
1866	1372
1867	1371
1868	1370
1869	5729
1870	1369
1871	2699
1872	1368
1873	2698
1874	1367
1875	2697
1876	1366
1877	12706
1878	1365
1879	2695
1880	1364
1881	5721
1882	5722
1883	4410
1884	5741
1885	1385
1886	1384
1887	1383
1888	1382
1889	1381
1890	1380
1891	4409
1892	1379
1893	1378
1894	1377
1895	1376
1896	1375
1897	4400
1898	4401
1899	5733
1900	4404
1901	5736
1902	4420
1903	5751
1904	4421
1905	1396
1906	1395
1907	1394
1908	1393
1909	1392
1910	1391
1911	1390
1912	1389
1913	1388
1914	1387
1915	1386
1916	4411
1917	4413
1918	4414
1919	4415
1920	4417
1921	4418
1922	4431
1923	3101
1924	3100
1925	10954
1926	1399
1927	1398
1928	1397
1929	4422
1930	4424
1931	4425
1932	5756
1933	5757
1934	10950
1935	4427
1936	4429
1937	4440
1938	4443
1939	3112
1940	3110
1941	3109
1942	3108
1943	3107
1944	3105
1945	3104
1946	500
1947	3103
1948	501
1949	502
1950	503
1951	4434
1952	504
1953	505
1954	4436
1955	506
1956	507
1957	4438
1958	508
1959	4439
1960	509
1961	4452
1962	5783
1963	4453
1964	4454
1965	5785
1966	3123
1967	3122
1968	3121
1969	3118
1970	3117
1971	510
1972	3115
1973	511
1974	3114
1975	512
1976	3113
1977	513
1978	4444
1979	514
1980	4445
1981	515
1982	516
1983	4447
1984	517
1985	4448
1986	518
1987	519
1988	8805
1989	4460
1990	5792
1991	5794
1992	4463
1993	5795
1994	3134
1995	3133
1996	520
1997	521
1998	3126
1999	522
2000	3125
2001	523
2002	3124
2003	524
2004	4455
2005	525
2006	8813
2007	4456
2008	5787
2009	8814
2010	526
2011	4457
2012	527
2013	4458
2014	8812
2015	528
2016	529
2017	8816
2018	4471
2019	4472
2020	4473
2021	4475
2022	4476
2023	3145
2024	3142
2025	3141
2026	530
2027	3139
2028	531
2029	10119
2030	532
2031	3137
2032	533
2033	3136
2034	534
2035	535
2036	4466
2037	5797
2038	536
2039	537
2040	538
2041	539
2042	4483
2043	4485
2044	3155
2045	3154
2046	3153
2047	3152
2048	3151
2049	3150
2050	540
2051	541
2052	542
2053	543
2054	544
2055	3147
2056	545
2057	3146
2058	546
2059	547
2060	4478
2061	10120
2062	548
2063	11451
2064	549
2065	7507
2066	7508
2067	12787
2068	3162
2069	550
2070	551
2071	552
2072	553
2073	554
2074	555
2075	3158
2076	556
2077	557
2078	558
2079	7513
2080	559
2081	7516
2082	7515
2083	3170
2084	6202
2085	3178
2086	3177
2087	3176
2088	3175
2089	3174
2090	3173
2091	3172
2092	3171
2093	560
2094	561
2095	562
2096	563
2097	564
2098	565
2099	566
2100	567
2101	3168
2102	568
2103	569
2104	7526
2105	8856
2106	3181
2107	3180
2108	6210
2109	7543
2110	6213
2111	7544
2112	3189
2113	3188
2114	3187
2115	3186
2116	3185
2117	3184
2118	3183
2119	570
2120	3182
2121	572
2122	573
2123	574
2124	575
2125	576
2126	577
2127	578
2128	3179
2129	579
2130	6207
2131	6206
2132	7537
2133	6208
2134	11403
2135	3192
2136	3191
2137	8886
2138	6225
2139	6224
2140	7555
2141	3198
2142	3197
2143	3196
2144	580
2145	3194
2146	581
2147	3193
2148	582
2149	583
2150	584
2151	585
2152	586
2153	587
2154	588
2155	589
2156	7547
2157	12743
2158	6232
2159	7563
2160	6233
2161	7564
2162	8895
2163	590
2164	591
2165	592
2166	593
2167	594
2168	595
2169	596
2170	597
2171	598
2172	599
2173	6227
2174	10071
2175	6258
2176	6257
2177	13102
2178	6262
2179	6265
2180	10081
2181	14441
2182	6266
2183	6260
2184	6275
2185	10051
2186	6277
2187	6270
2188	6272
2189	14412
2190	6285
2191	10061
2192	9314
2193	6281
2194	6282
2195	10065
2196	11399
2197	11398
2198	6298
2199	6291
2200	10037
2201	10036
2202	9337
2203	8007
2204	8005
2205	8012
2206	9349
2207	2702
2208	2701
2209	2700
2210	2709
2211	2708
2212	2706
2213	2705
2214	2704
2215	2703
2216	8025
2217	8026
2218	8021
2219	2712
2220	2711
2221	2710
2222	2719
2223	2718
2224	2716
2225	2714
2226	8035
2227	8036
2228	9367
2229	8034
2230	2724
2231	2722
2232	2721
2233	10911
2234	2720
2235	2729
2236	2728
2237	2727
2238	2726
2239	8040
2240	9372
2241	2735
2242	1404
2243	1403
2244	1402
2245	1401
2246	2731
2247	1400
2248	10927
2249	1409
2250	2739
2251	1408
2252	2738
2253	1407
2254	1406
2255	1405
2256	8057
2257	2746
2258	1415
2259	2745
2260	1414
2261	1413
2262	2743
2263	1412
2264	2742
2265	1411
2266	1410
2267	2740
2268	13168
2269	1419
2270	2749
2271	1418
2272	2748
2273	1417
2274	2747
2275	1416
2276	8066
2277	2760
2278	8064
2279	8062
2280	1426
2281	1425
2282	1424
2283	2754
2284	1423
2285	1422
2286	1421
2287	1420
2288	2750
2289	1429
2290	2759
2291	1428
2292	2758
2293	1427
2294	8077
2295	8078
2296	8071
2297	1440
2298	2770
2299	2768
2300	1437
2301	1436
2302	1435
2303	1434
2304	1433
2305	2763
2306	1432
2307	1431
2308	2761
2309	1430
2310	1439
2311	2769
2312	1438
2313	2782
2314	1451
2315	2781
2316	1450
2317	2780
2318	8080
2319	8085
2320	2779
2321	1448
2322	2778
2323	2777
2324	1446
2325	2776
2326	5808
2327	1445
2328	1444
2329	1443
2330	2773
2331	1442
2332	1441
2333	5801
2334	1449
2335	2793
2336	1462
2337	1461
2338	2791
2339	1460
2340	8092
2341	8097
2342	8098
2343	5816
2344	1459
2345	2789
2346	5817
2347	1458
2348	2788
2349	1457
2350	1456
2351	2786
2352	1455
2353	2785
2354	1454
2355	2784
2356	1453
2357	2783
2358	1452
2359	5810
2360	5812
2361	5813
2362	5814
2363	1473
2364	1472
2365	1471
2366	1470
2367	1469
2368	2799
2369	5829
2370	1468
2371	1467
2372	2797
2373	1466
2374	2796
2375	1465
2376	2795
2377	1464
2378	2794
2379	1463
2380	5820
2381	5825
2382	5826
2383	1484
2384	1483
2385	1482
2386	1481
2387	1480
2388	4507
2389	12814
2390	4509
2391	1479
2392	1478
2393	1477
2394	1476
2395	1475
2396	1474
2397	4500
2398	4504
2399	4506
2400	5851
2401	1495
2402	1494
2403	1493
2404	1492
2405	1491
2406	1490
2407	4518
2408	4519
2409	1489
2410	1488
2411	1487
2412	1486
2413	1485
2414	4511
2415	4512
2416	5843
2417	4513
2418	5844
2419	4514
2420	5845
2421	4515
2422	4517
2423	1499
2424	1498
2425	1497
2426	1496
2427	4521
2428	5852
2429	4522
2430	4523
2431	4524
2432	4525
2433	4526
2434	5858
2435	4528
2436	5870
2437	5872
2438	4542
2439	3211
2440	3207
2441	3205
2442	3204
2443	600
2444	3201
2445	601
2446	4532
2447	602
2448	5864
2449	603
2450	4534
2451	604
2452	605
2453	606
2454	4536
2455	607
2456	4538
2457	5869
2458	608
2459	4539
2460	609
2461	4552
2462	4553
2463	3222
2464	3220
2465	3219
2466	3218
2467	3217
2468	3216
2469	610
2470	3213
2471	611
2472	3212
2473	612
2474	613
2475	8902
2476	614
2477	4545
2478	615
2479	616
2480	617
2481	618
2482	4549
2483	619
2484	8904
2485	5890
2486	4560
2487	4562
2488	4564
2489	3233
2490	3232
2491	3231
2492	3230
2493	3228
2494	8919
2495	620
2496	621
2497	622
2498	623
2499	4554
2500	624
2501	625
2502	4556
2503	626
2504	627
2505	628
2506	4559
2507	629
2508	4571
2509	4573
2510	4574
2511	4575
2512	3244
2513	3240
2514	3239
2515	8929
2516	3238
2517	630
2518	3237
2519	631
2520	632
2521	3235
2522	633
2523	3234
2524	634
2525	4565
2526	10253
2527	635
2528	4566
2529	8924
2530	636
2531	11583
2532	4567
2533	637
2534	638
2535	8927
2536	639
2537	11588
2538	11587
2539	8926
2540	10258
2541	4580
2542	4581
2543	4582
2544	10260
2545	11590
2546	4585
2547	4586
2548	3255
2549	3254
2550	3252
2551	3251
2552	3250
2553	640
2554	641
2555	3248
2556	642
2557	643
2558	644
2559	3245
2560	645
2561	646
2562	10263
2563	647
2564	4578
2565	10266
2566	648
2567	649
2568	4590
2569	4591
2570	4592
2571	4594
2572	7620
2573	4596
2574	4597
2575	7621
2576	3265
2577	3261
2578	10238
2579	650
2580	651
2581	652
2582	653
2583	654
2584	655
2585	656
2586	4587
2587	657
2588	4588
2589	658
2590	4589
2591	659
2592	8944
2593	8948
2594	6300
2595	6301
2596	3276
2597	3272
2598	660
2599	661
2600	662
2601	663
2602	664
2603	665
2604	3268
2605	666
2606	3267
2607	667
2608	4598
2609	7624
2610	668
2611	4599
2612	669
2613	7629
2614	8971
2615	7642
2616	6310
2617	7643
2618	3288
2619	3287
2620	3286
2621	3285
2622	3284
2623	3283
2624	670
2625	671
2626	11548
2627	672
2628	673
2629	674
2630	675
2631	676
2632	677
2633	678
2634	8967
2635	679
2636	6303
2637	3291
2638	3290
2639	8985
2640	3297
2641	3294
2642	680
2643	681
2644	682
2645	683
2646	684
2647	685
2648	686
2649	687
2650	688
2651	3289
2652	689
2653	10220
2654	7647
2655	10221
2656	12885
2657	12886
2658	7660
2659	7662
2660	7664
2661	8996
2662	5004
2663	7665
2664	8995
2665	690
2666	691
2667	692
2668	693
2669	694
2670	696
2671	697
2672	698
2673	699
2674	5010
2675	5012
2676	6344
2677	5013
2678	5006
2679	5007
2680	5008
2681	12865
2682	11532
2683	12863
2684	6351
2685	5020
2686	6350
2687	7681
2688	5021
2689	6353
2690	6352
2691	5023
2692	6355
2693	5026
2694	6348
2695	5031
2696	6364
2697	5033
2698	6363
2699	5036
2700	6368
2701	5037
2702	6360
2703	5027
2704	6358
2705	6373
2706	6372
2707	5043
2708	6375
2709	6374
2710	5045
2711	5047
2712	6378
2713	5040
2714	5038
2715	10197
2716	5053
2717	5054
2718	6386
2719	6388
2720	5058
2721	5059
2722	5050
2723	5051
2724	6381
2725	6395
2726	5064
2727	6394
2728	6397
2729	5067
2730	5068
2731	10171
2732	5060
2733	5061
2734	6393
2735	5062
2736	10178
2737	10179
2738	13204
2739	5074
2740	8101
2741	5077
2742	8106
2743	8104
2744	13213
2745	13216
2746	5085
2747	8110
2748	5089
2749	11482
2750	5084
2751	2801
2752	2800
2753	2809
2754	2807
2755	8107
2756	2806
2757	2805
2758	2804
2759	10157
2760	2803
2761	2802
2762	8124
2763	5099
2764	8122
2765	8127
2766	8125
2767	11493
2768	5090
2769	5092
2770	8120
2771	2812
2772	2811
2773	2817
2774	2816
2775	2815
2776	2814
2777	9465
2778	8132
2779	9468
2780	8131
2781	2823
2782	2822
2783	2821
2784	2820
2785	2828
2786	2826
2787	2825
2788	8140
2789	2834
2790	1503
2791	2833
2792	1502
2793	2832
2794	1501
2795	2831
2796	1500
2797	2830
2798	1509
2799	1508
2800	1507
2801	2837
2802	1506
2803	2836
2804	1505
2805	1504
2806	9485
2807	8155
2808	9481
2809	2845
2810	1514
2811	1513
2812	2843
2813	1512
2814	2842
2815	1511
2816	2841
2817	1510
2818	1519
2819	2849
2820	1518
2821	2848
2822	1517
2823	2847
2824	1516
2825	2846
2826	1515
2827	8167
2828	8168
2829	8165
2830	8166
2831	8161
2832	9492
2833	8162
2834	2856
2835	1525
2836	2855
2837	1524
2838	2854
2839	1523
2840	2853
2841	1522
2842	2852
2843	1521
2844	2851
2845	1520
2846	2850
2847	1529
2848	2859
2849	1528
2850	2858
2851	1527
2852	2857
2853	1526
2854	8178
2855	2870
2856	8170
2857	8171
2858	1536
2859	2866
2860	1535
2861	2865
2862	1534
2863	1533
2864	1532
2865	2862
2866	1531
2867	1530
2868	2860
2869	1539
2870	2869
2871	1538
2872	2868
2873	1537
2874	1550
2875	2880
2876	2878
2877	1547
2878	2877
2879	1546
2880	2876
2881	1545
2882	1544
2883	2874
2884	1543
2885	2873
2886	5909
2887	1542
2888	2872
2889	1541
2890	2871
2891	1540
2892	1549
2893	1548
2894	13264
2895	2892
2896	1561
2897	2891
2898	1560
2899	2890
2900	2889
2901	5915
2902	1558
2903	5916
2904	1557
2905	2887
2906	5917
2907	1556
2908	2886
2909	1555
2910	5919
2911	1554
2912	1553
2913	2883
2914	1552
2915	2882
2916	1551
2917	5912
2918	1559
2919	1572
2920	1571
2921	1570
2922	5926
2923	1569
2924	2899
2925	5927
2926	1568
2927	2898
2928	5928
2929	1567
2930	2897
2931	1566
2932	2896
2933	1565
2934	1564
2935	2894
2936	1563
2937	5921
2938	1583
2939	1582
2940	1581
2941	1580
2942	4606
2943	4607
2944	1579
2945	4608
2946	1578
2947	4609
2948	1577
2949	1576
2950	1575
2951	1574
2952	1573
2953	4601
2954	4604
2955	4605
2956	1594
2957	1593
2958	1592
2959	1591
2960	1590
2961	4617
2962	5948
2963	4618
2964	5949
2965	4619
2966	1589
2967	1588
2968	10309
2969	1587
2970	1586
2971	1585
2972	4610
2973	11630
2974	4612
2975	4613
2976	4614
2977	5946
2978	10303
2979	5960
2980	5961
2981	1599
2982	1598
2983	1597
2984	1596
2985	1595
2986	4620
2987	5951
2988	4621
2989	5952
2990	5953
2991	4623
2992	5955
2993	4625
2994	4626
2995	4640
2996	4641
2997	3306
2998	3303
2999	700
3000	5962
3001	701
3002	702
3003	4632
3004	4633
3005	703
3006	4634
3007	704
3008	4635
3009	705
3010	706
3011	707
3012	708
3013	709
3014	4650
3015	4651
3016	5982
3017	4652
3018	710
3019	711
3020	712
3021	713
3022	4644
3023	5975
3024	714
3025	4645
3026	715
3027	4646
3028	716
3029	717
3030	4647
3031	4648
3032	718
3033	719
3034	4649
3035	4661
3036	5993
3037	2001
3038	3330
3039	3329
3040	3328
3041	720
3042	3323
3043	721
3044	722
3045	4653
3046	723
3047	724
3048	4655
3049	725
3050	4656
3051	726
3052	4657
3053	5988
3054	727
3055	728
3056	729
3057	4671
3058	4673
3059	2012
3060	3343
3061	3342
3062	2011
3063	3341
3064	2010
3065	3340
3066	2009
3067	3339
3068	2008
3069	2007
3070	3338
3071	2006
3072	2005
3073	730
3074	3335
3075	731
3076	3334
3077	732
3078	3333
3079	733
3080	734
3081	735
3082	736
3083	5998
3084	737
3085	4668
3086	738
3087	739
3088	4682
3089	2023
3090	3351
3091	7708
3092	3349
3093	2017
3094	740
3095	2016
3096	741
3097	2015
3098	742
3099	2014
3100	743
3101	3344
3102	2013
3103	744
3104	745
3105	746
3106	747
3107	4678
3108	748
3109	4679
3110	749
3111	4691
3112	4696
3113	7720
3114	2034
3115	2033
3116	3363
3117	2032
3118	2031
3119	2030
3120	3360
3121	7719
3122	2029
3123	750
3124	751
3125	2027
3126	752
3127	3357
3128	2026
3129	753
3130	2025
3131	754
3132	3355
3133	755
3134	756
3135	7711
3136	757
3137	4688
3138	758
3139	759
3140	7716
3141	10381
3142	6401
3143	10382
3144	2045
3145	3376
3146	3375
3147	3374
3148	2043
3149	3373
3150	2041
3151	3372
3152	3371
3153	2040
3154	3370
3155	760
3156	761
3157	2039
3158	762
3159	3369
3160	763
3161	3368
3162	764
3163	3367
3164	2036
3165	765
3166	3366
3167	2035
3168	766
3169	767
3170	7722
3171	768
3172	769
3173	10386
3174	10388
3175	6410
3176	3387
3177	2055
3178	3386
3179	3385
3180	2053
3181	2052
3182	3383
3183	2051
3184	2050
3185	3381
3186	3380
3187	770
3188	771
3189	772
3190	773
3191	2049
3192	774
3193	2048
3194	775
3195	2047
3196	776
3197	2046
3198	777
3199	11683
3200	778
3201	779
3202	10354
3203	6408
3204	3390
3205	7754
3206	2067
3207	2066
3208	3397
3209	2065
3210	3396
3211	2064
3212	3395
3213	2063
3214	2062
3215	3393
3216	2061
3217	3392
3218	2060
3219	3391
3220	780
3221	781
3222	782
3223	783
3224	784
3225	785
3226	2059
3227	786
3228	2058
3229	3389
3230	787
3231	2057
3232	3388
3233	788
3234	789
3235	2070
3236	7765
3237	2078
3238	2076
3239	2075
3240	2074
3241	790
3242	2071
3243	791
3244	792
3245	793
3246	794
3247	795
3248	796
3249	797
3250	2069
3251	798
3252	3399
3253	799
3254	7758
3255	6426
3256	11664
3257	2080
3258	5112
3259	6444
3260	2089
3261	2087
3262	2085
3263	2084
3264	2083
3265	2082
3266	2079
3267	5104
3268	5105
3269	7766
3270	6438
3271	5107
3272	5108
3273	5109
3274	2092
3275	2091
3276	2090
3277	6456
3278	2097
3279	2095
3280	2094
3281	2093
3282	6447
3283	6449
3284	6465
3285	6464
3286	6467
3287	6466
3288	7789
3289	7788
3290	6472
3291	6471
3292	5144
3293	9502
3294	6478
3295	12033
3296	6470
3297	5138
3298	6468
3299	5151
3300	6482
3301	5153
3302	12042
3303	5156
3304	5157
3305	6481
3306	9507
3307	9505
3308	5163
3309	5164
3310	5166
3311	5167
3312	13340
3313	6492
3314	6491
3315	5173
3316	5176
3317	5177
3318	5178
3319	5171
3320	12025
3321	13355
3322	5184
3323	5185
3324	5186
3325	9546
3326	5189
3327	2909
3328	8214
3329	5180
3330	5181
3331	5182
3332	2900
3333	2908
3334	2906
3335	2905
3336	2904
3337	2903
3338	2902
3339	2901
3340	5195
3341	5196
3342	5191
3343	2911
3344	2910
3345	2919
3346	9548
3347	2915
3348	2914
3349	2913
3350	15999
3351	9565
3352	8231
3353	9566
3354	8230
3355	2922
3356	2921
3357	2928
3358	2927
3359	10278
3360	2923
3361	8244
3362	8242
3363	2933
3364	1602
3365	1601
3366	2931
3367	1600
3368	1609
3369	1608
3370	2938
3371	1607
3372	2937
3373	1606
3374	2936
3375	1605
3376	2935
3377	1604
3378	2934
3379	1603
3380	8259
3381	8257
3382	8258
3383	9580
3384	9581
3385	2944
3386	1613
3387	2943
3388	1612
3389	2942
3390	1611
3391	1610
3392	2940
3393	1619
3394	1618
3395	2948
3396	1617
3397	2947
3398	1616
3399	2946
3400	1615
3401	2945
3402	1614
3403	8265
3404	9593
3405	9594
3406	2955
3407	1624
3408	2954
3409	1623
3410	2953
3411	1622
3412	2952
3413	1621
3414	1620
3415	2950
3416	1629
3417	2959
3418	1628
3419	2958
3420	1627
3421	2957
3422	1626
3423	2956
3424	1625
3425	8277
3426	8278
3427	8276
3428	2966
3429	1635
3430	2965
3431	1634
3432	1633
3433	2963
3434	1632
3435	2962
3436	1631
3437	2961
3438	1630
3439	2960
3440	1639
3441	2969
3442	1638
3443	2968
3444	1637
3445	1636
3446	8287
3447	2980
3448	2977
3449	1646
3450	2976
3451	1645
3452	1644
3453	1643
3454	2973
3455	1642
3456	2972
3457	1641
3458	2971
3459	1640
3460	2970
3461	1649
3462	1648
3463	2978
3464	1647
3465	8297
3466	12073
3467	2991
3468	1660
3469	2990
3470	2988
3471	1657
3472	1656
3473	2986
3474	1655
3475	2985
3476	1654
3477	2984
3478	1653
3479	2983
3480	1652
3481	2982
3482	1651
3483	1650
3484	1659
3485	2989
3486	1658
3487	1671
3488	1670
3489	2999
3490	1668
3491	1667
3492	2997
3493	1666
3494	2996
3495	1665
3496	2995
3497	1664
3498	1663
3499	1662
3500	2992
3501	1661
3502	1669
3503	1682
3504	1681
3505	1680
3506	1679
3507	1678
3508	1677
3509	1676
3510	1675
3511	1674
3512	1673
3513	1672
3514	4703
3515	13397
3516	1693
3517	1692
3518	1691
3519	1690
3520	1689
3521	4718
3522	1688
3523	1687
3524	1686
3525	1685
3526	1684
3527	1683
3528	4715
3529	4727
3530	4729
3531	1699
3532	1698
3533	1697
3534	1696
3535	1695
3536	1694
3537	4722
3538	4723
3539	4724
3540	4726
3541	3406
3542	3405
3543	3404
3544	3403
3545	3402
3546	3401
3547	3400
3548	800
3549	801
3550	802
3551	803
3552	804
3553	3409
3554	805
3555	806
3556	3407
3557	807
3558	808
3559	809
3560	4751
3561	3420
3562	3417
3563	3416
3564	3415
3565	3414
3566	3413
3567	3412
3568	810
3569	811
3570	812
3571	4743
3572	813
3573	814
3574	4745
3575	815
3576	816
3577	3419
3578	817
3579	3418
3580	818
3581	819
3582	4761
3583	3431
3584	3427
3585	3424
3586	3423
3587	820
3588	3421
3589	821
3590	4752
3591	822
3592	823
3593	824
3594	4755
3595	825
3596	826
3597	827
3598	828
3599	3429
3600	829
3601	4770
3602	3442
3603	3441
3604	3440
3605	11702
3606	3438
3607	3435
3608	3434
3609	830
3610	831
3611	3432
3612	2101
3613	832
3614	4763
3615	833
3616	4764
3617	834
3618	4765
3619	835
3620	4766
3621	836
3622	4767
3623	837
3624	4768
3625	838
3626	4769
3627	839
3628	4781
3629	4783
3630	3453
3631	2120
3632	3450
3633	3449
3634	3448
3635	3447
3636	7809
3637	3446
3638	840
3639	841
3640	3444
3641	842
3642	3443
3643	843
3644	4774
3645	7800
3646	844
3647	845
3648	7802
3649	846
3650	4777
3651	7801
3652	847
3653	7804
3654	848
3655	4779
3656	849
3657	4791
3658	4793
3659	4795
3660	2132
3661	2131
3662	3461
3663	3460
3664	3459
3665	850
3666	851
3667	852
3668	3455
3669	853
3670	3454
3671	854
3672	855
3673	856
3674	857
3675	858
3676	859
3677	3472
3678	860
3679	861
3680	862
3681	863
3682	3466
3683	864
3684	865
3685	7822
3686	866
3687	4797
3688	867
3689	4798
3690	868
3691	869
3692	7823
3693	7825
3694	7828
3695	6511
3696	7841
3697	2155
3698	2153
3699	3483
3700	2151
3701	3482
3702	2150
3703	3480
3704	870
3705	871
3706	2149
3707	872
3708	2148
3709	873
3710	2147
3711	874
3712	2146
3713	3477
3714	875
3715	2145
3716	3476
3717	876
3718	7833
3719	877
3720	878
3721	879
3722	6503
3723	6506
3724	10499
3725	6522
3726	7853
3727	2166
3728	2165
3729	3496
3730	2164
3731	3495
3732	3494
3733	3493
3734	2161
3735	2160
3736	880
3737	881
3738	882
3739	883
3740	2159
3741	884
3742	885
3743	2157
3744	886
3745	2156
3746	887
3747	7844
3748	888
3749	889
3750	6515
3751	6514
3752	6517
3753	7847
3754	12203
3755	6519
3756	5200
3757	5201
3758	10471
3759	5202
3760	7863
3761	2177
3762	2176
3763	2175
3764	2174
3765	2172
3766	2170
3767	890
3768	891
3769	892
3770	893
3771	894
3772	895
3773	2169
3774	896
3775	2168
3776	897
3777	2167
3778	3498
3779	898
3780	6524
3781	10473
3782	899
3783	6523
3784	6526
3785	10475
3786	10474
3787	7859
3788	10477
3789	10479
3790	2180
3791	5210
3792	2188
3793	2187
3794	2186
3795	2185
3796	2184
3797	2183
3798	2182
3799	2181
3800	2179
3801	2178
3802	5203
3803	5207
3804	2191
3805	2190
3806	7881
3807	5221
3808	5222
3809	7883
3810	6555
3811	2199
3812	2198
3813	2197
3814	2196
3815	2195
3816	2194
3817	2193
3818	2192
3819	10458
3820	2189
3821	5215
3822	5218
3823	10455
3824	14813
3825	7891
3826	5230
3827	5235
3828	10469
3829	5227
3830	5229
3831	6573
3832	5242
3833	5243
3834	5244
3835	6576
3836	9600
3837	5251
3838	5252
3839	5253
3840	5254
3841	5256
3842	5257
3843	6587
3844	10448
3845	6579
3846	5248
3847	9604
3848	10441
3849	14802
3850	5262
3851	6592
3852	5263
3853	5265
3854	5267
3855	5273
3856	5276
3857	5277
3858	13493
3859	5279
3860	12164
3861	5270
3862	5271
3863	9627
3864	5283
3865	8310
3866	5284
3867	8311
3868	5285
3869	5287
3870	8312
3871	5280
3872	5281
3873	5282
3874	12133
3875	8306
3876	8321
3877	9652
3878	5295
3879	5296
3880	9651
3881	5298
3882	9655
3883	5291
3884	5293
3885	12145
3886	9649
3887	8319
3888	13478
3889	9648
3890	7000
3891	9663
3892	8330
3893	13450
3894	1701
3895	1700
3896	1709
3897	7007
3898	1707
3899	1706
3900	12127
3901	1705
3902	1704
3903	1703
3904	1702
3905	9685
3906	7021
3907	10391
3908	7028
3909	10393
3910	9681
3911	1712
3912	1711
3913	1710
3914	1719
3915	1718
3916	1717
3917	1716
3918	10399
3919	1715
3920	1714
3921	1713
3922	7035
3923	8363
3924	7034
3925	7038
3926	7031
3927	7030
3928	9691
3929	12109
3930	1723
3931	1722
3932	1721
3933	1720
3934	1729
3935	1728
3936	1727
3937	1726
3938	1725
3939	1724
3940	7046
3941	7049
3942	1734
3943	1733
3944	1732
3945	1731
3946	1730
3947	1739
3948	1738
3949	1737
3950	1736
3951	1735
3952	8387
3953	8385
3954	7056
3955	7053
3956	1745
3957	1744
3958	1743
3959	1742
3960	1741
3961	1740
3962	1749
3963	1748
3964	1747
3965	1746
3966	8398
3967	7065
3968	8399
3969	8397
3970	7061
3971	8392
3972	1756
3973	1755
3974	1754
3975	1753
3976	1752
3977	1751
3978	1750
3979	1759
3980	1758
3981	1757
3982	1770
3983	7073
3984	1767
3985	1766
3986	1765
3987	1764
3988	1763
3989	1762
3990	1761
3991	1760
3992	1769
3993	1768
3994	1781
3995	1780
3996	7083
3997	7086
3998	4804
3999	1778
4000	1777
4001	1776
4002	1775
4003	4808
4004	1774
4005	4809
4006	1773
4007	1772
4008	1771
4009	4800
4010	4801
4011	4803
4012	1779
4013	7098
4014	1792
4015	1791
4016	1790
4017	7097
4018	7096
4019	4815
4020	1789
4021	4816
4022	1788
4023	1787
4024	4818
4025	1786
4026	4819
4027	1785
4028	1784
4029	1783
4030	1782
4031	4810
4032	4814
4033	4827
4034	1799
4035	1798
4036	1797
4037	1796
4038	1795
4039	1794
4040	1793
4041	4820
4042	4821
4043	4822
4044	4823
4045	4837
4046	3504
4047	4838
4048	3503
4049	4839
4050	3502
4051	3501
4052	3500
4053	4830
4054	900
4055	4831
4056	901
4057	4832
4058	902
4059	3509
4060	4833
4061	903
4062	3508
4063	904
4064	3507
4065	4835
4066	905
4067	3506
4068	906
4069	907
4070	908
4071	909
4072	3514
4073	3513
4074	3512
4075	3511
4076	3510
4077	910
4078	4841
4079	911
4080	912
4081	913
4082	4844
4083	914
4084	3519
4085	915
4086	3518
4087	916
4088	3517
4089	917
4090	918
4091	919
4092	3526
4093	3525
4094	3524
4095	3522
4096	920
4097	4851
4098	921
4099	922
4100	4853
4101	923
4102	924
4103	925
4104	926
4105	927
4106	3528
4107	928
4108	929
4109	2210
4110	3538
4111	2206
4112	2205
4113	3536
4114	2204
4115	3535
4116	2203
4117	10518
4118	2202
4119	2201
4120	3532
4121	930
4122	2200
4123	3531
4124	931
4125	932
4126	933
4127	934
4128	935
4129	936
4130	10510
4131	11840
4132	937
4133	2209
4134	938
4135	2208
4136	10511
4137	939
4138	4881
4139	4882
4140	2221
4141	3552
4142	2220
4143	7907
4144	2217
4145	3548
4146	2216
4147	3547
4148	2215
4149	3546
4150	2214
4151	2213
4152	3544
4153	940
4154	2212
4155	3543
4156	941
4157	2211
4158	3542
4159	942
4160	4873
4161	943
4162	4874
4163	944
4164	945
4165	4876
4166	946
4167	947
4168	948
4169	4879
4170	949
4171	2219
4172	10522
4173	2232
4174	2231
4175	2230
4176	2229
4177	2228
4178	2227
4179	2225
4180	950
4181	2224
4182	951
4183	2223
4184	952
4185	2222
4186	953
4187	954
4188	955
4189	4886
4190	956
4191	4887
4192	957
4193	958
4194	959
4195	2243
4196	2241
4197	2240
4198	3571
4199	7929
4200	2239
4201	10504
4202	960
4203	3567
4204	10507
4205	961
4206	2235
4207	962
4208	2234
4209	963
4210	2233
4211	964
4212	7921
4213	965
4214	4896
4215	966
4216	7923
4217	967
4218	968
4219	4899
4220	969
4221	7927
4222	10501
4223	10500
4224	6610
4225	2252
4226	2251
4227	2250
4228	3581
4229	6609
4230	7939
4231	970
4232	971
4233	2247
4234	972
4235	2246
4236	973
4237	2245
4238	974
4239	2244
4240	975
4241	6601
4242	976
4243	6600
4244	977
4245	6603
4246	978
4247	6602
4248	979
4249	6605
4250	6604
4251	6606
4252	7950
4253	6621
4254	6620
4255	2265
4256	2264
4257	2262
4258	3593
4259	2261
4260	3592
4261	2260
4262	980
4263	981
4264	2259
4265	982
4266	983
4267	2257
4268	3588
4269	984
4270	2256
4271	3587
4272	985
4273	2255
4274	986
4275	987
4276	988
4277	989
4278	11810
4279	6617
4280	6632
4281	2273
4282	2272
4283	2270
4284	990
4285	991
4286	992
4287	993
4288	994
4289	995
4290	996
4291	997
4292	998
4293	6622
4294	999
4295	6624
4296	6640
4297	2287
4298	2286
4299	2285
4300	2284
4301	2283
4302	2282
4303	2281
4304	2280
4305	2279
4306	2277
4307	12320
4308	5304
4309	12325
4310	6637
4311	12324
4312	12327
4313	2290
4314	5320
4315	6652
4316	10592
4317	2298
4318	2297
4319	2296
4320	2295
4321	2294
4322	2293
4323	2292
4324	2291
4325	2289
4326	2288
4327	6646
4328	10595
4329	5317
4330	5330
4331	6663
4332	5332
4333	5333
4334	7996
4335	4003
4336	5334
4337	6664
4338	7995
4339	2299
4340	5327
4341	6657
4342	5340
4343	4010
4344	5341
4345	4011
4346	6674
4347	4012
4348	4013
4349	4014
4350	5345
4351	13607
4352	4004
4353	7998
4354	4005
4355	5336
4356	4006
4357	6669
4358	4007
4359	5338
4360	4008
4361	5339
4362	4009
4363	5350
4364	6680
4365	4020
4366	6683
4367	4023
4368	5354
4369	4024
4370	5355
4371	5356
4372	4015
4373	4016
4374	5347
4375	6677
4376	9702
4377	5349
4378	10584
4379	5360
4380	6692
4381	5361
4382	5362
4383	4032
4384	5363
4385	4036
4386	5367
4387	6697
4388	6690
4389	4028
4390	4029
4391	4040
4392	5374
4393	4044
4394	5376
4395	8400
4396	4047
4397	8401
4398	100
4399	101
4400	102
4401	103
4402	104
4403	105
4404	106
4405	5368
4406	108
4407	109
4408	4039
4409	4052
4410	4053
4411	9744
4412	4056
4413	5388
4414	5380
4415	110
4416	111
4417	112
4418	113
4419	114
4420	115
4421	116
4422	117
4423	118
4424	5379
4425	8406
4426	119
4427	12276
4428	5393
4429	8420
4430	5394
4431	9752
4432	4064
4433	5395
4434	4065
4435	4066
4436	4067
4437	8425
4438	4068
4439	5399
4440	4069
4441	5390
4442	4060
4443	5391
4444	4061
4445	120
4446	121
4447	122
4448	123
4449	124
4450	125
4451	126
4452	127
4453	128
4454	129
4455	4073
4456	4074
4457	4076
4458	4077
4459	13583
4460	4079
4461	4071
4462	130
4463	131
4464	132
4465	133
4466	134
4467	135
4468	136
4469	137
4470	138
4471	139
4472	8428
4473	4085
4474	8443
4475	4086
4476	8440
4477	4087
4478	7114
4479	13594
4480	4089
4481	7113
4482	7116
4483	7115
4484	1809
4485	140
4486	4082
4487	141
4488	4083
4489	142
4490	143
4491	1800
4492	144
4493	145
4494	146
4495	147
4496	148
4497	149
4498	7107
4499	8439
4500	1808
4501	1807
4502	1806
4503	1805
4504	1804
4505	1803
4506	1802
4507	1801
4508	4096
4509	8452
4510	8458
4511	7127
4512	4091
4513	150
4514	151
4515	152
4516	153
4517	154
4518	1811
4519	155
4520	1810
4521	156
4522	157
4523	158
4524	159
4525	1819
4526	7117
4527	1818
4528	1817
4529	1816
4530	1815
4531	1814
4532	1813
4533	1812
4534	7132
4535	7134
4536	7136
4537	7135
4538	7138
4539	8466
4540	160
4541	161
4542	8460
4543	162
4544	163
4545	164
4546	165
4547	1822
4548	166
4549	1821
4550	167
4551	1820
4552	168
4553	169
4554	1829
4555	1828
4556	1827
4557	1826
4558	1825
4559	1824
4560	1823
4561	8476
4562	7145
4563	7144
4564	8479
4565	8477
4566	170
4567	171
4568	172
4569	173
4570	8472
4571	174
4572	175
4573	176
4574	1833
4575	177
4576	1832
4577	178
4578	1831
4579	179
4580	1830
4581	1839
4582	1838
4583	1837
4584	1836
4585	1835
4586	1834
4587	8484
4588	8489
4589	180
4590	181
4591	182
4592	183
4593	184
4594	185
4595	186
4596	187
4597	1844
4598	188
4599	12229
4600	1843
4601	189
4602	1842
4603	1841
4604	1840
4605	1849
4606	1848
4607	1847
4608	1846
4609	1845
4610	190
4611	191
4612	192
4613	193
4614	194
4615	195
4616	196
4617	197
4618	198
4619	1855
4620	199
4621	1854
4622	1853
4623	1852
4624	1851
4625	1850
4626	1859
4627	1858
4628	1857
4629	1856
4630	7175
4631	7177
4632	1866
4633	1865
4634	1864
4635	1863
4636	1862
4637	1861
4638	1860
4639	1869
4640	1868
4641	1867
4642	7186
4643	7188
4644	1880
4645	7184
4646	4903
4647	1877
4648	4904
4649	1876
4650	1875
4651	1874
4652	1873
4653	1872
4654	1871
4655	1870
4656	4901
4657	1879
4658	1891
4659	1890
4660	7191
4661	1888
4662	4915
4663	1887
4664	4916
4665	1886
4666	4917
4667	1885
4668	4918
4669	1884
4670	4919
4671	1883
4672	1882
4673	1881
4674	4910
4675	4911
4676	1889
4677	4920
4678	4921
4679	4924
4680	3604
4681	4936
4682	3601
4683	4939
4684	3600
4685	4932
4686	3605
4687	4947
4688	3613
4689	4949
4690	3611
4691	4941
4692	4942
4693	4943
4694	3618
4695	4944
4696	4946
4697	15330
4698	4958
4699	3624
4700	3623
4701	3622
4702	4950
4703	4951
4704	4953
4705	4955
4706	4956
4707	3627
4708	4957
