0	4970
1	3640
2	4971
3	2306
4	3638
5	4969
6	2305
7	3639
8	2304
9	2303
10	2302
11	2301
12	2300
13	3630
14	4961
15	3631
16	4962
17	3632
18	4963
19	3633
20	4964
21	3634
22	4965
23	2309
24	3635
25	4966
26	2308
27	3636
28	4967
29	2307
30	3637
31	4968
32	4980
33	3650
34	4981
35	3651
36	4982
37	2320
38	0
39	2317
40	3649
41	1
42	2316
43	2
44	2315
45	3
46	2314
47	4
48	2313
49	5
50	2312
51	6
52	2311
53	7
54	2310
55	8
56	3641
57	4972
58	9
59	3642
60	4973
61	3643
62	4974
63	3644
64	4975
65	3645
66	4976
67	3646
68	4977
69	2319
70	3647
71	4978
72	2318
73	3648
74	4979
75	4990
76	3660
77	4991
78	3661
79	4992
80	3662
81	4993
82	1000
83	2331
84	2330
85	2328
86	2327
87	2326
88	2325
89	2324
90	2323
91	2322
92	2321
93	3652
94	4983
95	3653
96	4984
97	3654
98	4985
99	3655
100	4986
101	3656
102	4987
103	3657
104	4988
105	3658
106	4989
107	2329
108	3659
109	3670
110	3671
111	3672
112	3673
113	1011
114	2342
115	1010
116	2341
117	2340
118	1008
119	2339
120	1007
121	2338
122	1006
123	2337
124	1005
125	2336
126	1004
127	2335
128	1003
129	2334
130	1002
131	2333
132	1001
133	2332
134	3663
135	4994
136	3664
137	4995
138	3665
139	4996
140	3666
141	4997
142	3667
143	4998
144	3668
145	4999
146	3669
147	1009
148	3680
149	3681
150	3682
151	3683
152	3684
153	1022
154	2353
155	1021
156	2352
157	1020
158	2351
159	2350
160	1019
161	1018
162	2349
163	1017
164	2348
165	1016
166	2347
167	1015
168	2346
169	1014
170	2345
171	1013
172	2344
173	1012
174	2343
175	3674
176	3675
177	3676
178	3677
179	3678
180	3679
181	3690
182	3691
183	3692
184	3693
185	3694
186	3695
187	1033
188	2364
189	1032
190	2363
191	1031
192	2362
193	1030
194	2361
195	2360
196	1029
197	1028
198	2359
199	1027
200	2358
201	1026
202	2357
203	1025
204	2356
205	1024
206	2355
207	1023
208	2354
209	3685
210	3686
211	3687
212	3688
213	3689
214	1044
215	2375
216	1043
217	2374
218	1042
219	2373
220	1041
221	2372
222	1040
223	2371
224	2370
225	1039
226	1038
227	2369
228	1037
229	2368
230	1036
231	2367
232	1035
233	2366
234	1034
235	2365
236	3696
237	3697
238	3698
239	3699
240	1055
241	2386
242	1054
243	2385
244	1053
245	2384
246	1052
247	2383
248	1051
249	2382
250	1050
251	2381
252	2380
253	1049
254	1048
255	2379
256	1047
257	2378
258	1046
259	2377
260	1045
261	2376
262	1066
263	2397
264	1065
265	2396
266	1064
267	2395
268	1063
269	2394
270	1062
271	2393
272	1061
273	2392
274	1060
275	2391
276	2390
277	1059
278	1058
279	2389
280	1057
281	2388
282	1056
283	2387
284	1077
285	1076
286	1075
287	1074
288	1073
289	1072
290	1071
291	1070
292	1069
293	1068
294	2399
295	1067
296	2398
297	1080
298	1088
299	1087
300	1086
301	1085
302	1084
303	1083
304	1082
305	1081
306	1079
307	1078
308	1091
309	1090
310	1099
311	1098
312	1097
313	1096
314	1095
315	1094
316	1093
317	1092
318	1089
319	8501
320	8502
321	8500
322	200
323	201
324	202
325	203
326	204
327	205
328	206
329	207
330	208
331	209
332	8512
333	8513
334	8510
335	8511
336	210
337	211
338	212
339	213
340	214
341	215
342	216
343	8505
344	217
345	8506
346	218
347	8503
348	219
349	8504
350	8509
351	8507
352	8508
353	8520
354	8523
355	8524
356	8521
357	8522
358	220
359	221
360	222
361	223
362	224
363	225
364	226
365	227
366	8516
367	228
368	8517
369	229
370	8514
371	8515
372	8518
373	8519
374	8530
375	8531
376	7200
377	7202
378	8534
379	7201
380	8535
381	8532
382	7204
383	8533
384	7203
385	230
386	231
387	232
388	233
389	234
390	235
391	236
392	237
393	238
394	8527
395	239
396	8528
397	8525
398	8526
399	8529
400	8541
401	8542
402	7211
403	7210
404	8540
405	7213
406	8545
407	8546
408	7212
409	7215
410	8543
411	8544
412	7214
413	240
414	241
415	242
416	243
417	244
418	245
419	246
420	247
421	248
422	249
423	8538
424	7206
425	8539
426	7205
427	7208
428	8536
429	8537
430	7207
431	7209
432	8552
433	7220
434	8553
435	8550
436	8551
437	7221
438	8556
439	7224
440	7223
441	8557
442	7226
443	8554
444	8555
445	7225
446	250
447	251
448	252
449	253
450	254
451	255
452	256
453	257
454	258
455	259
456	7217
457	8549
458	7216
459	7219
460	8547
461	8548
462	7218
463	8563
464	7231
465	8564
466	7230
467	8561
468	7233
469	8562
470	7232
471	7235
472	8567
473	8568
474	7234
475	8565
476	7237
477	8566
478	7236
479	260
480	8560
481	261
482	262
483	263
484	264
485	265
486	266
487	267
488	268
489	269
490	7228
491	7227
492	8558
493	8559
494	7229
495	8574
496	7242
497	7241
498	8575
499	8572
500	7244
501	8573
502	7243
503	7246
504	8578
505	8579
506	7245
507	7248
508	8576
509	7247
510	8577
511	270
512	8570
513	271
514	8571
515	272
516	7240
517	273
518	274
519	275
520	276
521	277
522	278
523	279
524	7239
525	7238
526	8569
527	8585
528	7253
529	7252
530	8586
531	7255
532	8583
533	7254
534	8584
535	7257
536	8589
537	7256
538	7259
539	8587
540	7258
541	8588
542	280
543	281
544	8581
545	282
546	283
547	8582
548	7251
549	284
550	7250
551	285
552	8580
553	286
554	287
555	288
556	289
557	7249
558	7264
559	8596
560	8597
561	7263
562	8594
563	7266
564	8595
565	7265
566	7267
567	8598
568	7269
569	8599
570	290
571	291
572	292
573	8592
574	293
575	7260
576	8593
577	294
578	8590
579	7262
580	295
581	8591
582	296
583	7261
584	297
585	298
586	299
587	7275
588	7274
589	7277
590	7276
591	7279
592	7278
593	7271
594	7270
595	7273
596	7272
597	7286
598	7285
599	7288
600	7287
601	7289
602	7280
603	7282
604	7281
605	7284
606	7283
607	7297
608	7296
609	7299
610	7298
611	7291
612	7290
613	7293
614	7292
615	7295
616	7294
617	3704
618	3705
619	3706
620	3707
621	3708
622	3709
623	3700
624	3701
625	3702
626	3703
627	3715
628	3716
629	3717
630	3718
631	3719
632	3710
633	3711
634	3712
635	3713
636	3714
637	3726
638	3727
639	3728
640	3729
641	3720
642	3721
643	3722
644	3723
645	3724
646	3725
647	2405
648	3737
649	2404
650	3738
651	2403
652	3739
653	2402
654	2401
655	2400
656	3730
657	3731
658	3732
659	2409
660	3733
661	2408
662	3734
663	2407
664	3735
665	2406
666	3736
667	3750
668	2416
669	3748
670	2415
671	3749
672	2414
673	2413
674	2412
675	2411
676	2410
677	3740
678	3741
679	3742
680	3743
681	3744
682	2419
683	3745
684	2418
685	3746
686	2417
687	3747
688	3760
689	3761
690	2430
691	2427
692	3759
693	2426
694	2425
695	2424
696	2423
697	2422
698	2421
699	2420
700	3751
701	3752
702	3753
703	3754
704	3755
705	3756
706	2429
707	3757
708	2428
709	3758
710	3770
711	3771
712	3772
713	1110
714	2441
715	2440
716	1107
717	2438
718	1106
719	2437
720	1105
721	2436
722	1104
723	2435
724	1103
725	2434
726	1102
727	2433
728	1101
729	2432
730	1100
731	2431
732	3762
733	3763
734	3764
735	3765
736	3766
737	3767
738	1109
739	3768
740	1108
741	2439
742	3769
743	3780
744	3781
745	3782
746	3783
747	1121
748	2452
749	1120
750	2451
751	2450
752	1118
753	2449
754	1117
755	2448
756	1116
757	2447
758	1115
759	2446
760	1114
761	2445
762	1113
763	2444
764	1112
765	2443
766	1111
767	2442
768	3773
769	3774
770	3775
771	3776
772	3777
773	3778
774	3779
775	1119
776	3790
777	3791
778	3792
779	3793
780	3794
781	1132
782	2463
783	1131
784	2462
785	1130
786	2461
787	2460
788	1129
789	1128
790	2459
791	1127
792	2458
793	1126
794	2457
795	1125
796	2456
797	1124
798	2455
799	1123
800	2454
801	1122
802	2453
803	3784
804	3785
805	3786
806	3787
807	3788
808	3789
809	1143
810	2474
811	1142
812	2473
813	1141
814	2472
815	1140
816	2471
817	2470
818	1139
819	1138
820	2469
821	1137
822	2468
823	1136
824	2467
825	1135
826	2466
827	1134
828	2465
829	1133
830	2464
831	3795
832	3796
833	3797
834	3798
835	3799
836	1154
837	2485
838	1153
839	2484
840	1152
841	2483
842	1151
843	2482
844	1150
845	2481
846	2480
847	1149
848	1148
849	2479
850	1147
851	2478
852	1146
853	2477
854	1145
855	2476
856	1144
857	2475
858	1165
859	2496
860	1164
861	2495
862	1163
863	2494
864	1162
865	2493
866	1161
867	2492
868	1160
869	2491
870	2490
871	1159
872	1158
873	2489
874	1157
875	2488
876	1156
877	2487
878	1155
879	2486
880	1176
881	1175
882	1174
883	1173
884	1172
885	1171
886	1170
887	1169
888	1168
889	2499
890	1167
891	2498
892	1166
893	2497
894	1187
895	1186
896	1185
897	1184
898	1183
899	1182
900	1181
901	1180
902	1179
903	1178
904	1177
905	1190
906	1198
907	1197
908	1196
909	1195
910	1194
911	1193
912	1192
913	1191
914	1189
915	1188
916	1199
917	8600
918	8601
919	300
920	301
921	302
922	303
923	304
924	305
925	306
926	307
927	308
928	309
929	8611
930	8612
931	8610
932	310
933	311
934	312
935	313
936	314
937	315
938	8604
939	316
940	8605
941	317
942	8602
943	318
944	8603
945	319
946	8608
947	8609
948	8606
949	8607
950	8622
951	8623
952	8620
953	8621
954	320
955	321
956	322
957	323
958	324
959	325
960	326
961	8615
962	327
963	8616
964	328
965	8613
966	329
967	8614
968	8619
969	8617
970	8618
971	8630
972	8633
973	7301
974	8634
975	7300
976	8631
977	7303
978	8632
979	7302
980	330
981	331
982	332
983	333
984	334
985	335
986	336
987	337
988	8626
989	338
990	8627
991	339
992	8624
993	8625
994	8628
995	8629
996	8640
997	8641
998	7310
999	8644
1000	7312
1001	7311
1002	8645
1003	7314
1004	8642
1005	8643
1006	7313
1007	340
1008	341
1009	342
1010	343
1011	344
1012	345
1013	346
1014	347
1015	348
1016	8637
1017	7305
1018	349
1019	8638
1020	7304
1021	7307
1022	8635
1023	8636
1024	7306
1025	7309
1026	7308
1027	8639
1028	8651
1029	8652
1030	7321
1031	7320
1032	8650
1033	7323
1034	8655
1035	7322
1036	8656
1037	7325
1038	8653
1039	8654
1040	7324
1041	350
1042	351
1043	352
1044	353
1045	354
1046	355
1047	356
1048	357
1049	358
1050	359
1051	7316
1052	8648
1053	7315
1054	8649
1055	7318
1056	8646
1057	8647
1058	7317
1059	7319
1060	10
1061	7330
1062	11
1063	8662
1064	8663
1065	12
1066	13
1067	7332
1068	8660
1069	6001
1070	14
1071	8661
1072	7331
1073	6000
1074	8666
1075	7334
1076	15
1077	6003
1078	7333
1079	8667
1080	16
1081	6002
1082	8664
1083	17
1084	7336
1085	6005
1086	18
1087	7335
1088	8665
1089	6004
1090	19
1091	360
1092	361
1093	362
1094	363
1095	364
1096	365
1097	366
1098	367
1099	368
1100	369
1101	7327
1102	8659
1103	7326
1104	7329
1105	8657
1106	7328
1107	8658
1108	20
1109	21
1110	8673
1111	22
1112	7341
1113	6010
1114	8674
1115	7340
1116	23
1117	7343
1118	8671
1119	24
1120	6012
1121	8672
1122	25
1123	7342
1124	6011
1125	8677
1126	7345
1127	26
1128	6014
1129	7344
1130	8678
1131	27
1132	6013
1133	28
1134	8675
1135	6016
1136	8676
1137	29
1138	7346
1139	6015
1140	370
1141	8670
1142	371
1143	372
1144	373
1145	374
1146	375
1147	376
1148	377
1149	378
1150	379
1151	7338
1152	6007
1153	7337
1154	6006
1155	8668
1156	6009
1157	8669
1158	7339
1159	6008
1160	30
1161	31
1162	32
1163	8684
1164	33
1165	7352
1166	6021
1167	8685
1168	34
1169	7351
1170	6020
1171	8682
1172	7354
1173	35
1174	6023
1175	8683
1176	7353
1177	36
1178	6022
1179	37
1180	7356
1181	8688
1182	6025
1183	38
1184	7355
1185	8689
1186	6024
1187	7358
1188	8686
1189	39
1190	6027
1191	8687
1192	7357
1193	6026
1194	380
1195	8680
1196	381
1197	8681
1198	382
1199	7350
1200	383
1201	384
1202	385
1203	386
1204	387
1205	388
1206	389
1207	7349
1208	6018
1209	7348
1210	6017
1211	8679
1212	6019
1213	40
1214	41
1215	42
1216	43
1217	7363
1218	44
1219	8695
1220	6032
1221	7362
1222	45
1223	8696
1224	6031
1225	7365
1226	46
1227	8693
1228	6034
1229	47
1230	7364
1231	8694
1232	6033
1233	7367
1234	48
1235	8699
1236	6036
1237	49
1238	7366
1239	6035
1240	8697
1241	7369
1242	6038
1243	8698
1244	7368
1245	6037
1246	390
1247	391
1248	8691
1249	392
1250	8692
1251	393
1252	7361
1253	394
1254	6030
1255	8690
1256	395
1257	7360
1258	396
1259	397
1260	398
1261	399
1262	6029
1263	7359
1264	6028
1265	50
1266	51
1267	52
1268	53
1269	54
1270	6043
1271	7374
1272	55
1273	6042
1274	56
1275	7373
1276	7376
1277	6045
1278	57
1279	7375
1280	6044
1281	58
1282	7378
1283	59
1284	6047
1285	7377
1286	6046
1287	6049
1288	7379
1289	6048
1290	7370
1291	7372
1292	6041
1293	7371
1294	6040
1295	6039
1296	60
1297	61
1298	62
1299	63
1300	64
1301	65
1302	6054
1303	7385
1304	66
1305	7384
1306	6053
1307	67
1308	6056
1309	7387
1310	68
1311	7386
1312	6055
1313	69
1314	7389
1315	6058
1316	7388
1317	6057
1318	6059
1319	6050
1320	7381
1321	7380
1322	6052
1323	7383
1324	6051
1325	7382
1326	70
1327	71
1328	72
1329	73
1330	74
1331	75
1332	76
1333	7396
1334	77
1335	6065
1336	7395
1337	6064
1338	78
1339	6067
1340	79
1341	7398
1342	6066
1343	7397
1344	6069
1345	7399
1346	6068
1347	7390
1348	6061
1349	7392
1350	7391
1351	6060
1352	7394
1353	6063
1354	6062
1355	7393
1356	80
1357	81
1358	82
1359	83
1360	84
1361	85
1362	86
1363	87
1364	6076
1365	88
1366	6075
1367	89
1368	6078
1369	6077
1370	6079
1371	6070
1372	6072
1373	6071
1374	6074
1375	6073
1376	90
1377	91
1378	92
1379	93
1380	94
1381	95
1382	96
1383	97
1384	98
1385	6087
1386	99
1387	6086
1388	6089
1389	6088
1390	6081
1391	6080
1392	6083
1393	6082
1394	6085
1395	6084
1396	3803
1397	3804
1398	3805
1399	3806
1400	3807
1401	3808
1402	3809
1403	3800
1404	3801
1405	3802
1406	6098
1407	6097
1408	6099
1409	6090
1410	6092
1411	6091
1412	6094
1413	6093
1414	6096
1415	6095
1416	3814
1417	3815
1418	3816
1419	3817
1420	3818
1421	3819
1422	3810
1423	3811
1424	3812
1425	3813
1426	3825
1427	3826
1428	3827
1429	3828
1430	3829
1431	3820
1432	3821
1433	3822
1434	3823
1435	3824
1436	2504
1437	3836
1438	2503
1439	3837
1440	2502
1441	3838
1442	2501
1443	3839
1444	2500
1445	3830
1446	2509
1447	3831
1448	2508
1449	3832
1450	2507
1451	3833
1452	2506
1453	3834
1454	2505
1455	3835
1456	2515
1457	3847
1458	2514
1459	3848
1460	2513
1461	3849
1462	2512
1463	2511
1464	2510
1465	3840
1466	3841
1467	3842
1468	2519
1469	3843
1470	2518
1471	3844
1472	2517
1473	3845
1474	2516
1475	3846
1476	3860
1477	2526
1478	3858
1479	2525
1480	3859
1481	2524
1482	2523
1483	2522
1484	2521
1485	2520
1486	3850
1487	3851
1488	3852
1489	3853
1490	3854
1491	2529
1492	3855
1493	2528
1494	3856
1495	2527
1496	3857
1497	3870
1498	3871
1499	2540
1500	1206
1501	2537
1502	3869
1503	1205
1504	2536
1505	1204
1506	2535
1507	1203
1508	2534
1509	1202
1510	2533
1511	1201
1512	2532
1513	1200
1514	2531
1515	2530
1516	3861
1517	3862
1518	3863
1519	3864
1520	3865
1521	1209
1522	3866
1523	1208
1524	2539
1525	3867
1526	1207
1527	2538
1528	3868
1529	3880
1530	3881
1531	3882
1532	1220
1533	2551
1534	2550
1535	1217
1536	2548
1537	1216
1538	2547
1539	1215
1540	2546
1541	1214
1542	2545
1543	1213
1544	2544
1545	1212
1546	2543
1547	1211
1548	2542
1549	1210
1550	2541
1551	3872
1552	3873
1553	3874
1554	3875
1555	3876
1556	3877
1557	1219
1558	3878
1559	1218
1560	2549
1561	3879
1562	3890
1563	3891
1564	3892
1565	3893
1566	1231
1567	2562
1568	1230
1569	2561
1570	2560
1571	1228
1572	2559
1573	1227
1574	2558
1575	1226
1576	2557
1577	1225
1578	2556
1579	1224
1580	2555
1581	1223
1582	2554
1583	1222
1584	2553
1585	1221
1586	2552
1587	3883
1588	3884
1589	3885
1590	3886
1591	3887
1592	3888
1593	3889
1594	1229
1595	1242
1596	2573
1597	1241
1598	2572
1599	1240
1600	2571
1601	2570
1602	1239
1603	1238
1604	2569
1605	1237
1606	2568
1607	1236
1608	2567
1609	1235
1610	2566
1611	1234
1612	2565
1613	1233
1614	2564
1615	1232
1616	2563
1617	3894
1618	3895
1619	3896
1620	3897
1621	3898
1622	3899
1623	1253
1624	2584
1625	1252
1626	2583
1627	1251
1628	2582
1629	1250
1630	2581
1631	2580
1632	1249
1633	1248
1634	2579
1635	1247
1636	2578
1637	1246
1638	2577
1639	1245
1640	2576
1641	1244
1642	2575
1643	1243
1644	2574
1645	1264
1646	2595
1647	1263
1648	2594
1649	1262
1650	2593
1651	1261
1652	2592
1653	1260
1654	2591
1655	2590
1656	1259
1657	1258
1658	2589
1659	1257
1660	2588
1661	1256
1662	2587
1663	1255
1664	2586
1665	1254
1666	2585
1667	1275
1668	1274
1669	1273
1670	1272
1671	1271
1672	1270
1673	1269
1674	1268
1675	2599
1676	1267
1677	2598
1678	1266
1679	2597
1680	1265
1681	2596
1682	1286
1683	1285
1684	1284
1685	1283
1686	1282
1687	1281
1688	1280
1689	1279
1690	1278
1691	1277
1692	1276
1693	1297
1694	1296
1695	1295
1696	1294
1697	1293
1698	1292
1699	1291
1700	1290
1701	1289
1702	1288
1703	1287
1704	1299
1705	1298
1706	8700
1707	400
1708	401
1709	402
1710	403
1711	404
1712	405
1713	406
1714	407
1715	408
1716	409
1717	8710
1718	8711
1719	8709
1720	410
1721	411
1722	412
1723	413
1724	414
1725	415
1726	8704
1727	416
1728	417
1729	8701
1730	8702
1731	418
1732	8707
1733	419
1734	8708
1735	8705
1736	8706
1737	8721
1738	8722
1739	8720
1740	420
1741	421
1742	422
1743	423
1744	424
1745	425
1746	8714
1747	426
1748	8715
1749	427
1750	8712
1751	428
1752	8713
1753	429
1754	8718
1755	8719
1756	8716
1757	8717
1758	7400
1759	8732
1760	8733
1761	7402
1762	8730
1763	8731
1764	7401
1765	430
1766	431
1767	432
1768	433
1769	434
1770	435
1771	436
1772	8725
1773	437
1774	8726
1775	438
1776	439
1777	8723
1778	8724
1779	8729
1780	8727
1781	8728
1782	8740
1783	8743
1784	7411
1785	7410
1786	8744
1787	7413
1788	8741
1789	7412
1790	8742
1791	440
1792	441
1793	442
1794	443
1795	444
1796	445
1797	446
1798	447
1799	7404
1800	8736
1801	448
1802	7403
1803	8737
1804	449
1805	7406
1806	8734
1807	7405
1808	8735
1809	7408
1810	7407
1811	8738
1812	7409
1813	8739
1814	8750
1815	8751
1816	7420
1817	8754
1818	7422
1819	8755
1820	7421
1821	8752
1822	7424
1823	8753
1824	7423
1825	450
1826	451
1827	452
1828	453
1829	454
1830	455
1831	456
1832	457
1833	458
1834	7415
1835	459
1836	8747
1837	7414
1838	8748
1839	7417
1840	8745
1841	8746
1842	7416
1843	7419
1844	8749
1845	8761
1846	8762
1847	7431
1848	6100
1849	7430
1850	8760
1851	7433
1852	6102
1853	8765
1854	7432
1855	6101
1856	8766
1857	7435
1858	6104
1859	8763
1860	7434
1861	6103
1862	8764
1863	460
1864	461
1865	462
1866	463
1867	464
1868	465
1869	466
1870	467
1871	468
1872	469
1873	8758
1874	7426
1875	7425
1876	8756
1877	7428
1878	7427
1879	8757
1880	7429
1881	7440
1882	8772
1883	8773
1884	6111
1885	7442
1886	8770
1887	7441
1888	6110
1889	8771
1890	7444
1891	8776
1892	6113
1893	8777
1894	6112
1895	7443
1896	8774
1897	7446
1898	6115
1899	7445
1900	6114
1901	8775
1902	470
1903	471
1904	472
1905	473
1906	474
1907	475
1908	476
1909	477
1910	478
1911	479
1912	6106
1913	8769
1914	7437
1915	7436
1916	6105
1917	6108
1918	8767
1919	7439
1920	7438
1921	6107
1922	8768
1923	6109
1924	8783
1925	6120
1926	7451
1927	7450
1928	8784
1929	6122
1930	8781
1931	7453
1932	6121
1933	8782
1934	7452
1935	8787
1936	7455
1937	6124
1938	8788
1939	6123
1940	7454
1941	8785
1942	6126
1943	7457
1944	8786
1945	6125
1946	7456
1947	480
1948	8780
1949	481
1950	482
1951	483
1952	484
1953	485
1954	486
1955	487
1956	488
1957	489
1958	6117
1959	7448
1960	7447
1961	6116
1962	6119
1963	8778
1964	8779
1965	7449
1966	6118
1967	8794
1968	7462
1969	6131
1970	6130
1971	8795
1972	7461
1973	7464
1974	8792
1975	6133
1976	8793
1977	6132
1978	7463
1979	6135
1980	7466
1981	8798
1982	6134
1983	8799
1984	7465
1985	7468
1986	8796
1987	6137
1988	7467
1989	8797
1990	6136
1991	490
1992	8790
1993	491
1994	8791
1995	492
1996	7460
1997	493
1998	494
1999	495
2000	496
2001	497
2002	498
2003	499
2004	6128
2005	7459
2006	7458
2007	6127
2008	8789
2009	6129
2010	7473
2011	6142
2012	7472
2013	6141
2014	6144
2015	7475
2016	6143
2017	7474
2018	7477
2019	6146
2020	6145
2021	7476
2022	7479
2023	6148
2024	7478
2025	6147
2026	6140
2027	7471
2028	7470
2029	6139
2030	7469
2031	6138
2032	7484
2033	6153
2034	6152
2035	7483
2036	6155
2037	7486
2038	7485
2039	6157
2040	7488
2041	6156
2042	7487
2043	6159
2044	6158
2045	7489
2046	7480
2047	6151
2048	7482
2049	6150
2050	7481
2051	6149
2052	6164
2053	7495
2054	6163
2055	7494
2056	6166
2057	7497
2058	6165
2059	6168
2060	7499
2061	6167
2062	7498
2063	6169
2064	6160
2065	7491
2066	7490
2067	6162
2068	7493
2069	6161
2070	7492
2071	6175
2072	6174
2073	6177
2074	6176
2075	6179
2076	6178
2077	6171
2078	6170
2079	6173
2080	6172
2081	6186
2082	6185
2083	6188
2084	6187
2085	6189
2086	6180
2087	6182
2088	6181
2089	6184
2090	6183
2091	3902
2092	3903
2093	3904
2094	3905
2095	3906
2096	3907
2097	3908
2098	3909
2099	3900
2100	3901
2101	6197
2102	6196
2103	6199
2104	6198
2105	6191
2106	6190
2107	6193
2108	6192
2109	6195
2110	6194
2111	3913
2112	3914
2113	3915
2114	3916
2115	3917
2116	3918
2117	3919
2118	3910
2119	3911
2120	3912
2121	3924
2122	3925
2123	3926
2124	3927
2125	3928
2126	3929
2127	3920
2128	3921
2129	3922
2130	3923
2131	2603
2132	3935
2133	2602
2134	3936
2135	2601
2136	3937
2137	2600
2138	3938
2139	3939
2140	2609
2141	2608
2142	3930
2143	2607
2144	3931
2145	2606
2146	3932
2147	2605
2148	3933
2149	2604
2150	3934
2151	2614
2152	3946
2153	2613
2154	3947
2155	2612
2156	3948
2157	2611
2158	3949
2159	2610
2160	3940
2161	2619
2162	3941
2163	2618
2164	3942
2165	2617
2166	3943
2167	2616
2168	3944
2169	2615
2170	3945
2171	2625
2172	3957
2173	2624
2174	3958
2175	2623
2176	3959
2177	2622
2178	2621
2179	2620
2180	3950
2181	3951
2182	3952
2183	2629
2184	3953
2185	2628
2186	3954
2187	2627
2188	3955
2189	2626
2190	3956
2191	3970
2192	1305
2193	2636
2194	3968
2195	1304
2196	2635
2197	3969
2198	1303
2199	2634
2200	1302
2201	2633
2202	1301
2203	2632
2204	1300
2205	2631
2206	2630
2207	3960
2208	3961
2209	3962
2210	3963
2211	1309
2212	3964
2213	1308
2214	2639
2215	3965
2216	1307
2217	2638
2218	3966
2219	1306
2220	2637
2221	3967
2222	3980
2223	3981
2224	2650
2225	1316
2226	2647
2227	3979
2228	1315
2229	2646
2230	1314
2231	2645
2232	1313
2233	2644
2234	1312
2235	2643
2236	1311
2237	2642
2238	1310
2239	2641
2240	2640
2241	3971
2242	3972
2243	3973
2244	3974
2245	3975
2246	1319
2247	3976
2248	1318
2249	2649
2250	3977
2251	1317
2252	2648
2253	3978
2254	3990
2255	3991
2256	3992
2257	1330
2258	2661
2259	2660
2260	1327
2261	2658
2262	1326
2263	2657
2264	1325
2265	2656
2266	1324
2267	2655
2268	1323
2269	2654
2270	1322
2271	2653
2272	1321
2273	2652
2274	1320
2275	2651
2276	3982
2277	3983
2278	3984
2279	3985
2280	3986
2281	3987
2282	1329
2283	3988
2284	1328
2285	2659
2286	3989
2287	1341
2288	2672
2289	1340
2290	2671
2291	2670
2292	1338
2293	2669
2294	1337
2295	2668
2296	1336
2297	2667
2298	1335
2299	2666
2300	1334
2301	2665
2302	1333
2303	2664
2304	1332
2305	2663
2306	1331
2307	2662
2308	3993
2309	3994
2310	3995
2311	3996
2312	3997
2313	3998
2314	3999
2315	1339
2316	1352
2317	2683
2318	1351
2319	2682
2320	1350
2321	2681
2322	2680
2323	1349
2324	1348
2325	2679
2326	1347
2327	2678
2328	1346
2329	2677
2330	1345
2331	2676
2332	1344
2333	2675
2334	1343
2335	2674
2336	1342
2337	2673
2338	1363
2339	2694
2340	1362
2341	2693
2342	1361
2343	2692
2344	1360
2345	2691
2346	2690
2347	1359
2348	1358
2349	2689
2350	1357
2351	2688
2352	1356
2353	2687
2354	1355
2355	2686
2356	1354
2357	2685
2358	1353
2359	2684
2360	1374
2361	1373
2362	1372
2363	1371
2364	1370
2365	1369
2366	1368
2367	2699
2368	1367
2369	2698
2370	1366
2371	2697
2372	1365
2373	2696
2374	1364
2375	2695
2376	1385
2377	1384
2378	1383
2379	1382
2380	1381
2381	1380
2382	1379
2383	1378
2384	1377
2385	1376
2386	1375
2387	1396
2388	1395
2389	1394
2390	1393
2391	1392
2392	1391
2393	1390
2394	1389
2395	1388
2396	1387
2397	1386
2398	1399
2399	1398
2400	1397
2401	500
2402	501
2403	502
2404	503
2405	504
2406	505
2407	506
2408	507
2409	508
2410	509
2411	8810
2412	8808
2413	8809
2414	510
2415	511
2416	512
2417	513
2418	8802
2419	514
2420	8803
2421	515
2422	8800
2423	516
2424	517
2425	8801
2426	8806
2427	518
2428	8807
2429	519
2430	8804
2431	8805
2432	8820
2433	8821
2434	8819
2435	520
2436	521
2437	522
2438	523
2439	524
2440	8813
2441	525
2442	8814
2443	526
2444	8811
2445	527
2446	8812
2447	528
2448	8817
2449	529
2450	8818
2451	8815
2452	8816
2453	8831
2454	8832
2455	7501
2456	8830
2457	7500
2458	530
2459	531
2460	532
2461	533
2462	534
2463	535
2464	8824
2465	536
2466	8825
2467	537
2468	538
2469	8822
2470	539
2471	8823
2472	8828
2473	8829
2474	8826
2475	8827
2476	7510
2477	8842
2478	8843
2479	7512
2480	8840
2481	8841
2482	7511
2483	540
2484	541
2485	542
2486	543
2487	544
2488	545
2489	546
2490	8835
2491	547
2492	7503
2493	7502
2494	8836
2495	548
2496	7505
2497	8833
2498	549
2499	8834
2500	7504
2501	7507
2502	8839
2503	7506
2504	7509
2505	8837
2506	7508
2507	8838
2508	8850
2509	7521
2510	8853
2511	8854
2512	7520
2513	8851
2514	7523
2515	8852
2516	7522
2517	550
2518	551
2519	552
2520	553
2521	554
2522	555
2523	556
2524	557
2525	8846
2526	7514
2527	558
2528	7513
2529	8847
2530	559
2531	7516
2532	8844
2533	8845
2534	7515
2535	7518
2536	7517
2537	8848
2538	7519
2539	8849
2540	8860
2541	8861
2542	7530
2543	7532
2544	8864
2545	6201
2546	7531
2547	6200
2548	8865
2549	7534
2550	6203
2551	8862
2552	8863
2553	6202
2554	7533
2555	560
2556	561
2557	562
2558	563
2559	564
2560	565
2561	566
2562	567
2563	568
2564	7525
2565	569
2566	8858
2567	7524
2568	8855
2569	7527
2570	8856
2571	7526
2572	7529
2573	7528
2574	8859
2575	8871
2576	8872
2577	7541
2578	6210
2579	7540
2580	8870
2581	7543
2582	8875
2583	6212
2584	6211
2585	7542
2586	8876
2587	6214
2588	8873
2589	7545
2590	8874
2591	7544
2592	6213
2593	570
2594	571
2595	572
2596	573
2597	574
2598	575
2599	576
2600	577
2601	578
2602	579
2603	7536
2604	6205
2605	8868
2606	8869
2607	6204
2608	7535
2609	7538
2610	6207
2611	8866
2612	7537
2613	6206
2614	8867
2615	6209
2616	6208
2617	7539
2618	8882
2619	7550
2620	8883
2621	8880
2622	7552
2623	6221
2624	6220
2625	8881
2626	7551
2627	7554
2628	8886
2629	6223
2630	7553
2631	8887
2632	6222
2633	6225
2634	8884
2635	7556
2636	8885
2637	6224
2638	7555
2639	580
2640	581
2641	582
2642	583
2643	584
2644	585
2645	586
2646	587
2647	588
2648	589
2649	8879
2650	6216
2651	7547
2652	6215
2653	7546
2654	8877
2655	6218
2656	7549
2657	8878
2658	6217
2659	7548
2660	6219
2661	7561
2662	6230
2663	8893
2664	8894
2665	7560
2666	6232
2667	7563
2668	8891
2669	6231
2670	7562
2671	8892
2672	8897
2673	7565
2674	6234
2675	6233
2676	7564
2677	8898
2678	8895
2679	7567
2680	6236
2681	8896
2682	7566
2683	6235
2684	590
2685	8890
2686	591
2687	592
2688	593
2689	594
2690	595
2691	596
2692	597
2693	598
2694	599
2695	6227
2696	7558
2697	6226
2698	7557
2699	8888
2700	6229
2701	6228
2702	7559
2703	8889
2704	7572
2705	6241
2706	7571
2707	6240
2708	7574
2709	6243
2710	6242
2711	7573
2712	7576
2713	6245
2714	7575
2715	6244
2716	7578
2717	6247
2718	7577
2719	6246
2720	7570
2721	6238
2722	7569
2723	6237
2724	7568
2725	8899
2726	6239
2727	7583
2728	6252
2729	7582
2730	6251
2731	6254
2732	7585
2733	7584
2734	6253
2735	6256
2736	7587
2737	6255
2738	7586
2739	7589
2740	6258
2741	7588
2742	6257
2743	7581
2744	6250
2745	7580
2746	6249
2747	7579
2748	6248
2749	6263
2750	7594
2751	7593
2752	6262
2753	6265
2754	7596
2755	6264
2756	7595
2757	6267
2758	7598
2759	7597
2760	6266
2761	6269
2762	6268
2763	7599
2764	7590
2765	7592
2766	6261
2767	7591
2768	6260
2769	6259
2770	6274
2771	6273
2772	6276
2773	6275
2774	6278
2775	6277
2776	6279
2777	6270
2778	6272
2779	6271
2780	6285
2781	6284
2782	6287
2783	6286
2784	6289
2785	6288
2786	6281
2787	6280
2788	6283
2789	6282
2790	6296
2791	6295
2792	6298
2793	6297
2794	6299
2795	6290
2796	6292
2797	6291
2798	6294
2799	6293
2800	2702
2801	2701
2802	2700
2803	2709
2804	2708
2805	2707
2806	2706
2807	2705
2808	2704
2809	2703
2810	2713
2811	2712
2812	2711
2813	2710
2814	2719
2815	2718
2816	2717
2817	2716
2818	2715
2819	2714
2820	2724
2821	2723
2822	2722
2823	2721
2824	2720
2825	2729
2826	2728
2827	2727
2828	2726
2829	2725
2830	1404
2831	2735
2832	1403
2833	2734
2834	1402
2835	2733
2836	1401
2837	2732
2838	1400
2839	2731
2840	2730
2841	1409
2842	1408
2843	2739
2844	1407
2845	2738
2846	1406
2847	2737
2848	1405
2849	2736
2850	1415
2851	2746
2852	1414
2853	2745
2854	1413
2855	2744
2856	1412
2857	2743
2858	1411
2859	2742
2860	1410
2861	2741
2862	2740
2863	1419
2864	1418
2865	2749
2866	1417
2867	2748
2868	1416
2869	2747
2870	2760
2871	1426
2872	2757
2873	1425
2874	2756
2875	1424
2876	2755
2877	1423
2878	2754
2879	1422
2880	2753
2881	1421
2882	2752
2883	1420
2884	2751
2885	2750
2886	1429
2887	1428
2888	2759
2889	1427
2890	2758
2891	1440
2892	2771
2893	2770
2894	1437
2895	2768
2896	1436
2897	2767
2898	1435
2899	2766
2900	1434
2901	2765
2902	1433
2903	2764
2904	1432
2905	2763
2906	1431
2907	2762
2908	1430
2909	2761
2910	1439
2911	1438
2912	2769
2913	1451
2914	2782
2915	1450
2916	2781
2917	2780
2918	1448
2919	2779
2920	1447
2921	2778
2922	1446
2923	2777
2924	1445
2925	2776
2926	1444
2927	2775
2928	1443
2929	2774
2930	1442
2931	2773
2932	1441
2933	2772
2934	1449
2935	1462
2936	2793
2937	1461
2938	2792
2939	1460
2940	2791
2941	2790
2942	1459
2943	1458
2944	2789
2945	1457
2946	2788
2947	1456
2948	2787
2949	1455
2950	2786
2951	1454
2952	2785
2953	1453
2954	2784
2955	1452
2956	2783
2957	1473
2958	1472
2959	1471
2960	1470
2961	1469
2962	1468
2963	2799
2964	1467
2965	2798
2966	1466
2967	2797
2968	1465
2969	2796
2970	1464
2971	2795
2972	1463
2973	2794
2974	1484
2975	1483
2976	1482
2977	1481
2978	1480
2979	1479
2980	1478
2981	1477
2982	1476
2983	1475
2984	1474
2985	1495
2986	1494
2987	1493
2988	1492
2989	1491
2990	1490
2991	1489
2992	1488
2993	1487
2994	1486
2995	1485
2996	1499
2997	1498
2998	1497
2999	1496
3000	600
3001	601
3002	602
3003	603
3004	604
3005	605
3006	606
3007	607
3008	608
3009	609
3010	8909
3011	8907
3012	8908
3013	610
3014	611
3015	612
3016	8901
3017	613
3018	8902
3019	614
3020	615
3021	616
3022	8900
3023	8905
3024	617
3025	8906
3026	618
3027	8903
3028	619
3029	8904
3030	8920
3031	8918
3032	8919
3033	620
3034	621
3035	622
3036	623
3037	8912
3038	624
3039	8913
3040	625
3041	8910
3042	626
3043	8911
3044	627
3045	8916
3046	628
3047	8917
3048	629
3049	8914
3050	8915
3051	8930
3052	8931
3053	7600
3054	8929
3055	630
3056	631
3057	632
3058	633
3059	634
3060	635
3061	8923
3062	8924
3063	636
3064	8921
3065	637
3066	8922
3067	638
3068	8927
3069	639
3070	8928
3071	8925
3072	8926
3073	8941
3074	8942
3075	7611
3076	7610
3077	8940
3078	7609
3079	640
3080	641
3081	642
3082	643
3083	644
3084	645
3085	7602
3086	646
3087	8934
3088	8935
3089	7601
3090	647
3091	8932
3092	7604
3093	648
3094	7603
3095	8933
3096	649
3097	8938
3098	7606
3099	8939
3100	7605
3101	8936
3102	7608
3103	7607
3104	8937
3105	7620
3106	8952
3107	8953
3108	7622
3109	8950
3110	7621
3111	8951
3112	650
3113	651
3114	652
3115	653
3116	654
3117	655
3118	656
3119	7613
3120	8945
3121	657
3122	8946
3123	7612
3124	658
3125	7615
3126	8943
3127	659
3128	7614
3129	8944
3130	7617
3131	8949
3132	7616
3133	7619
3134	8947
3135	7618
3136	8948
3137	8960
3138	8963
3139	6300
3140	7631
3141	7630
3142	8964
3143	7633
3144	8961
3145	6302
3146	7632
3147	6301
3148	8962
3149	660
3150	661
3151	662
3152	663
3153	664
3154	665
3155	666
3156	667
3157	7624
3158	8956
3159	668
3160	7623
3161	669
3162	8957
3163	8954
3164	7626
3165	7625
3166	8955
3167	7628
3168	7627
3169	8958
3170	7629
3171	8959
3172	8970
3173	8971
3174	7640
3175	7642
3176	6311
3177	8974
3178	6310
3179	7641
3180	8975
3181	8972
3182	6313
3183	7644
3184	7643
3185	8973
3186	6312
3187	670
3188	671
3189	672
3190	673
3191	674
3192	675
3193	676
3194	677
3195	678
3196	7635
3197	8967
3198	6304
3199	679
3200	7634
3201	8968
3202	6303
3203	7637
3204	8965
3205	6306
3206	6305
3207	8966
3208	7636
3209	7639
3210	6308
3211	7638
3212	6307
3213	8969
3214	6309
3215	8981
3216	8982
3217	7651
3218	6320
3219	7650
3220	8980
3221	7653
3222	6322
3223	8985
3224	8986
3225	6321
3226	7652
3227	7655
3228	8983
3229	6324
3230	7654
3231	6323
3232	8984
3233	680
3234	681
3235	682
3236	683
3237	684
3238	685
3239	686
3240	687
3241	688
3242	689
3243	6315
3244	7646
3245	8978
3246	6314
3247	8979
3248	7645
3249	8976
3250	6317
3251	7648
3252	6316
3253	8977
3254	7647
3255	6319
3256	7649
3257	6318
3258	7660
3259	8992
3260	8993
3261	8990
3262	6331
3263	7662
3264	6330
3265	7661
3266	8991
3267	5000
3268	6333
3269	8996
3270	7664
3271	5001
3272	8997
3273	6332
3274	7663
3275	5002
3276	6335
3277	7666
3278	8994
3279	5003
3280	7665
3281	8995
3282	6334
3283	5004
3284	690
3285	691
3286	692
3287	693
3288	694
3289	695
3290	696
3291	697
3292	698
3293	699
3294	6326
3295	7657
3296	8989
3297	6325
3298	7656
3299	7659
3300	8987
3301	6328
3302	7658
3303	8988
3304	6327
3305	6329
3306	7671
3307	6340
3308	7670
3309	6342
3310	7673
3311	5010
3312	6341
3313	7672
3314	5011
3315	6344
3316	7675
3317	5012
3318	6343
3319	7674
3320	5013
3321	6346
3322	7677
3323	5014
3324	6345
3325	7676
3326	5015
3327	6337
3328	7668
3329	5005
3330	7667
3331	6336
3332	5006
3333	6339
3334	5007
3335	8998
3336	6338
3337	7669
3338	8999
3339	5008
3340	5009
3341	7682
3342	6351
3343	7681
3344	6350
3345	5020
3346	6353
3347	7684
3348	5021
3349	6352
3350	7683
3351	5022
3352	7686
3353	6355
3354	5023
3355	6354
3356	7685
3357	5024
3358	7688
3359	6357
3360	5025
3361	7687
3362	6356
3363	5026
3364	7680
3365	7679
3366	6348
3367	5016
3368	6347
3369	7678
3370	5017
3371	5018
3372	6349
3373	5019
3374	6362
3375	7693
3376	5030
3377	7692
3378	6361
3379	5031
3380	6364
3381	7695
3382	5032
3383	7694
3384	6363
3385	5033
3386	6366
3387	7697
3388	5034
3389	7696
3390	6365
3391	5035
3392	7699
3393	6368
3394	5036
3395	7698
3396	6367
3397	5037
3398	7691
3399	6360
3400	7690
3401	6359
3402	5027
3403	6358
3404	7689
3405	5028
3406	5029
3407	6373
3408	5041
3409	6372
3410	5042
3411	6375
3412	5043
3413	6374
3414	5044
3415	6377
3416	5045
3417	6376
3418	5046
3419	6379
3420	5047
3421	6378
3422	5048
3423	6371
3424	6370
3425	5040
3426	5038
3427	6369
3428	5039
3429	6384
3430	5052
3431	6383
3432	5053
3433	6386
3434	5054
3435	6385
3436	5055
3437	6388
3438	5056
3439	6387
3440	5057
3441	5058
3442	6389
3443	5059
3444	6380
3445	6382
3446	5050
3447	6381
3448	5051
3449	5049
3450	6395
3451	5063
3452	6394
3453	5064
3454	6397
3455	5065
3456	6396
3457	5066
3458	6399
3459	5067
3460	6398
3461	5068
3462	5069
3463	6391
3464	6390
3465	5060
3466	6393
3467	5061
3468	6392
3469	5062
3470	5074
3471	5075
3472	5076
3473	5077
3474	5078
3475	5079
3476	5070
3477	5071
3478	5072
3479	5073
3480	5085
3481	5086
3482	5087
3483	5088
3484	5089
3485	5080
3486	5081
3487	5082
3488	5083
3489	5084
3490	2801
3491	2800
3492	2809
3493	2808
3494	2807
3495	2806
3496	2805
3497	2804
3498	2803
3499	2802
3500	5096
3501	5097
3502	5098
3503	5099
3504	5090
3505	5091
3506	5092
3507	5093
3508	5094
3509	5095
3510	2812
3511	2811
3512	2810
3513	2819
3514	2818
3515	2817
3516	2816
3517	2815
3518	2814
3519	2813
3520	2823
3521	2822
3522	2821
3523	2820
3524	2829
3525	2828
3526	2827
3527	2826
3528	2825
3529	2824
3530	1503
3531	2834
3532	1502
3533	2833
3534	1501
3535	2832
3536	1500
3537	2831
3538	2830
3539	1509
3540	1508
3541	2839
3542	1507
3543	2838
3544	1506
3545	2837
3546	1505
3547	2836
3548	1504
3549	2835
3550	1514
3551	2845
3552	1513
3553	2844
3554	1512
3555	2843
3556	1511
3557	2842
3558	1510
3559	2841
3560	2840
3561	1519
3562	1518
3563	2849
3564	1517
3565	2848
3566	1516
3567	2847
3568	1515
3569	2846
3570	1525
3571	2856
3572	1524
3573	2855
3574	1523
3575	2854
3576	1522
3577	2853
3578	1521
3579	2852
3580	1520
3581	2851
3582	2850
3583	1529
3584	1528
3585	2859
3586	1527
3587	2858
3588	1526
3589	2857
3590	2870
3591	1536
3592	2867
3593	1535
3594	2866
3595	1534
3596	2865
3597	1533
3598	2864
3599	1532
3600	2863
3601	1531
3602	2862
3603	1530
3604	2861
3605	2860
3606	1539
3607	1538
3608	2869
3609	1537
3610	2868
3611	1550
3612	2881
3613	2880
3614	1547
3615	2878
3616	1546
3617	2877
3618	1545
3619	2876
3620	1544
3621	2875
3622	1543
3623	2874
3624	1542
3625	2873
3626	1541
3627	2872
3628	1540
3629	2871
3630	1549
3631	1548
3632	2879
3633	1561
3634	2892
3635	1560
3636	2891
3637	2890
3638	1558
3639	2889
3640	1557
3641	2888
3642	1556
3643	2887
3644	1555
3645	2886
3646	1554
3647	2885
3648	1553
3649	2884
3650	1552
3651	2883
3652	1551
3653	2882
3654	1559
3655	1572
3656	1571
3657	1570
3658	1569
3659	1568
3660	2899
3661	1567
3662	2898
3663	1566
3664	2897
3665	1565
3666	2896
3667	1564
3668	2895
3669	1563
3670	2894
3671	1562
3672	2893
3673	1583
3674	1582
3675	1581
3676	1580
3677	1579
3678	1578
3679	1577
3680	1576
3681	1575
3682	1574
3683	1573
3684	1594
3685	1593
3686	1592
3687	1591
3688	1590
3689	1589
3690	1588
3691	1587
3692	1586
3693	1585
3694	1584
3695	1599
3696	1598
3697	1597
3698	1596
3699	1595
3700	700
3701	701
3702	702
3703	703
3704	704
3705	705
3706	706
3707	707
3708	708
3709	709
3710	710
3711	711
3712	712
3713	713
3714	714
3715	715
3716	716
3717	717
3718	718
3719	719
3720	720
3721	721
3722	722
3723	723
3724	724
3725	725
3726	726
3727	727
3728	728
3729	729
3730	730
3731	731
3732	732
3733	733
3734	734
3735	735
3736	736
3737	737
3738	738
3739	739
3740	7710
3741	7709
3742	7708
3743	740
3744	741
3745	742
3746	743
3747	744
3748	7701
3749	745
3750	7700
3751	746
3752	7703
3753	747
3754	7702
3755	748
3756	7705
3757	749
3758	7704
3759	7707
3760	7706
3761	7721
3762	7720
3763	7719
3764	750
3765	751
3766	752
3767	753
3768	754
3769	755
3770	756
3771	7712
3772	7711
3773	757
3774	7714
3775	758
3776	7713
3777	759
3778	7716
3779	7715
3780	7718
3781	7717
3782	7730
3783	6401
3784	7732
3785	6400
3786	7731
3787	760
3788	761
3789	762
3790	763
3791	764
3792	765
3793	766
3794	7723
3795	767
3796	7722
3797	768
3798	7725
3799	769
3800	7724
3801	7727
3802	7726
3803	7729
3804	7728
3805	7741
3806	6410
3807	7740
3808	7743
3809	6412
3810	6411
3811	7742
3812	770
3813	771
3814	772
3815	773
3816	774
3817	775
3818	776
3819	777
3820	7734
3821	6403
3822	778
3823	7733
3824	6402
3825	779
3826	7736
3827	6405
3828	7735
3829	6404
3830	6407
3831	7738
3832	6406
3833	7737
3834	6409
3835	7739
3836	6408
3837	7750
3838	6421
3839	7752
3840	6420
3841	7751
3842	7754
3843	6423
3844	6422
3845	7753
3846	780
3847	781
3848	782
3849	783
3850	784
3851	785
3852	786
3853	787
3854	788
3855	7745
3856	6414
3857	789
3858	7744
3859	6413
3860	6416
3861	7747
3862	7746
3863	6415
3864	7749
3865	6418
3866	6417
3867	7748
3868	6419
3869	7761
3870	6430
3871	7760
3872	7763
3873	6432
3874	5100
3875	7762
3876	6431
3877	5101
3878	6434
3879	7765
3880	5102
3881	6433
3882	7764
3883	5103
3884	790
3885	791
3886	792
3887	793
3888	794
3889	795
3890	796
3891	797
3892	798
3893	799
3894	7756
3895	6425
3896	7755
3897	6424
3898	7758
3899	6427
3900	6426
3901	7757
3902	6429
3903	6428
3904	7759
3905	7770
3906	7772
3907	6441
3908	6440
3909	7771
3910	5110
3911	6443
3912	7774
3913	5111
3914	7773
3915	6442
3916	5112
3917	6445
3918	7776
3919	5113
3920	6444
3921	7775
3922	5114
3923	7767
3924	6436
3925	5104
3926	6435
3927	7766
3928	5105
3929	7769
3930	6438
3931	5106
3932	6437
3933	7768
3934	5107
3935	5108
3936	6439
3937	5109
3938	7781
3939	6450
3940	7780
3941	7783
3942	6452
3943	5120
3944	7782
3945	6451
3946	5121
3947	6454
3948	7785
3949	5122
3950	6453
3951	7784
3952	5123
3953	7787
3954	6456
3955	5124
3956	6455
3957	7786
3958	5125
3959	7778
3960	6447
3961	5115
3962	6446
3963	7777
3964	5116
3965	6449
3966	5117
3967	7779
3968	6448
3969	5118
3970	5119
3971	7792
3972	6461
3973	6460
3974	7791
3975	5130
3976	7794
3977	6463
3978	5131
3979	6462
3980	7793
3981	5132
3982	7796
3983	6465
3984	5133
3985	6464
3986	7795
3987	5134
3988	7798
3989	6467
3990	5135
3991	7797
3992	6466
3993	5136
3994	7790
3995	6458
3996	7789
3997	5126
3998	7788
3999	6457
4000	5127
4001	5128
4002	6459
4003	5129
4004	6472
4005	5140
4006	6471
4007	5141
4008	6474
4009	5142
4010	6473
4011	5143
4012	6476
4013	5144
4014	6475
4015	5145
4016	6478
4017	5146
4018	6477
4019	5147
4020	6470
4021	6469
4022	5137
4023	6468
4024	7799
4025	5138
4026	5139
4027	6483
4028	5151
4029	6482
4030	5152
4031	6485
4032	5153
4033	6484
4034	5154
4035	6487
4036	5155
4037	6486
4038	5156
4039	6489
4040	5157
4041	6488
4042	5158
4043	6481
4044	6480
4045	5150
4046	5148
4047	6479
4048	5149
4049	6494
4050	5162
4051	6493
4052	5163
4053	6496
4054	5164
4055	6495
4056	5165
4057	6498
4058	5166
4059	6497
4060	5167
4061	5168
4062	6499
4063	5169
4064	6490
4065	6492
4066	5160
4067	6491
4068	5161
4069	5159
4070	5173
4071	5174
4072	5175
4073	5176
4074	5177
4075	5178
4076	5179
4077	5170
4078	5171
4079	5172
4080	5184
4081	5185
4082	5186
4083	5187
4084	5188
4085	5189
4086	2909
4087	5180
4088	5181
4089	5182
4090	5183
4091	2900
4092	2908
4093	2907
4094	2906
4095	2905
4096	2904
4097	2903
4098	2902
4099	2901
4100	5195
4101	5196
4102	5197
4103	5198
4104	5199
4105	5190
4106	5191
4107	5192
4108	5193
4109	5194
4110	2911
4111	2910
4112	2919
4113	2918
4114	2917
4115	2916
4116	2915
4117	2914
4118	2913
4119	2912
4120	2922
4121	2921
4122	2920
4123	2929
4124	2928
4125	2927
4126	2926
4127	2925
4128	2924
4129	2923
4130	1602
4131	2933
4132	1601
4133	2932
4134	1600
4135	2931
4136	2930
4137	1609
4138	1608
4139	2939
4140	1607
4141	2938
4142	1606
4143	2937
4144	1605
4145	2936
4146	1604
4147	2935
4148	1603
4149	2934
4150	1613
4151	2944
4152	1612
4153	2943
4154	1611
4155	2942
4156	1610
4157	2941
4158	2940
4159	1619
4160	1618
4161	2949
4162	1617
4163	2948
4164	1616
4165	2947
4166	1615
4167	2946
4168	1614
4169	2945
4170	1624
4171	2955
4172	1623
4173	2954
4174	1622
4175	2953
4176	1621
4177	2952
4178	1620
4179	2951
4180	2950
4181	1629
4182	1628
4183	2959
4184	1627
4185	2958
4186	1626
4187	2957
4188	1625
4189	2956
4190	1635
4191	2966
4192	1634
4193	2965
4194	1633
4195	2964
4196	1632
4197	2963
4198	1631
4199	2962
4200	1630
4201	2961
4202	2960
4203	1639
4204	1638
4205	2969
4206	1637
4207	2968
4208	1636
4209	2967
4210	2980
4211	1646
4212	2977
4213	1645
4214	2976
4215	1644
4216	2975
4217	1643
4218	2974
4219	1642
4220	2973
4221	1641
4222	2972
4223	1640
4224	2971
4225	2970
4226	1649
4227	1648
4228	2979
4229	1647
4230	2978
4231	1660
4232	2991
4233	2990
4234	1657
4235	2988
4236	1656
4237	2987
4238	1655
4239	2986
4240	1654
4241	2985
4242	1653
4243	2984
4244	1652
4245	2983
4246	1651
4247	2982
4248	1650
4249	2981
4250	1659
4251	1658
4252	2989
4253	1671
4254	1670
4255	1668
4256	2999
4257	1667
4258	2998
4259	1666
4260	2997
4261	1665
4262	2996
4263	1664
4264	2995
4265	1663
4266	2994
4267	1662
4268	2993
4269	1661
4270	2992
4271	1669
4272	1682
4273	1681
4274	1680
4275	1679
4276	1678
4277	1677
4278	1676
4279	1675
4280	1674
4281	1673
4282	1672
4283	1693
4284	1692
4285	1691
4286	1690
4287	1689
4288	1688
4289	1687
4290	1686
4291	1685
4292	1684
4293	1683
4294	1699
4295	1698
4296	1697
4297	1696
4298	1695
4299	1694
4300	800
4301	801
4302	802
4303	803
4304	804
4305	805
4306	806
4307	807
4308	808
4309	809
4310	810
4311	811
4312	812
4313	813
4314	814
4315	815
4316	816
4317	817
4318	818
4319	819
4320	820
4321	821
4322	822
4323	823
4324	824
4325	825
4326	826
4327	827
4328	828
4329	829
4330	830
4331	831
4332	832
4333	833
4334	834
4335	835
4336	836
4337	837
4338	838
4339	839
4340	7808
4341	7807
4342	7809
4343	840
4344	841
4345	842
4346	843
4347	844
4348	7800
4349	845
4350	7802
4351	846
4352	7801
4353	847
4354	7804
4355	848
4356	7803
4357	849
4358	7806
4359	7805
4360	7820
4361	7819
4362	7818
4363	850
4364	851
4365	852
4366	853
4367	854
4368	7811
4369	855
4370	856
4371	7810
4372	857
4373	858
4374	7812
4375	7815
4376	859
4377	7814
4378	7817
4379	7816
4380	7831
4381	6500
4382	7830
4383	7829
4384	860
4385	861
4386	862
4387	863
4388	864
4389	865
4390	7822
4391	866
4392	7821
4393	867
4394	868
4395	7824
4396	7823
4397	869
4398	7826
4399	7825
4400	7828
4401	7827
4402	7840
4403	7842
4404	6511
4405	7841
4406	6510
4407	6509
4408	870
4409	871
4410	872
4411	873
4412	874
4413	875
4414	876
4415	6502
4416	7833
4417	877
4418	7832
4419	6501
4420	878
4421	6504
4422	879
4423	7835
4424	7834
4425	6503
4426	6506
4427	7837
4428	6505
4429	7836
4430	6508
4431	7839
4432	7838
4433	6507
4434	6520
4435	7851
4436	7850
4437	7853
4438	6522
4439	7852
4440	6521
4441	880
4442	881
4443	882
4444	883
4445	884
4446	885
4447	886
4448	887
4449	7844
4450	6513
4451	888
4452	7843
4453	6512
4454	889
4455	6515
4456	7846
4457	7845
4458	6514
4459	7848
4460	6517
4461	6516
4462	7847
4463	6519
4464	6518
4465	7849
4466	7860
4467	6531
4468	7862
4469	7861
4470	6530
4471	5200
4472	7864
4473	5201
4474	7863
4475	6532
4476	5202
4477	890
4478	891
4479	892
4480	893
4481	894
4482	895
4483	896
4484	897
4485	898
4486	7855
4487	6524
4488	899
4489	6523
4490	7854
4491	7857
4492	6526
4493	7856
4494	6525
4495	6528
4496	7859
4497	6527
4498	7858
4499	6529
4500	6540
4501	7871
4502	7870
4503	7873
4504	6542
4505	5210
4506	7872
4507	6541
4508	5211
4509	6544
4510	7875
4511	5212
4512	6543
4513	7874
4514	5213
4515	7866
4516	6535
4517	5203
4518	7865
4519	6534
4520	5204
4521	7868
4522	6537
4523	5205
4524	6536
4525	7867
4526	5206
4527	6539
4528	5207
4529	6538
4530	7869
4531	5208
4532	5209
4533	7880
4534	7882
4535	6551
4536	6550
4537	7881
4538	5220
4539	6553
4540	7884
4541	5221
4542	6552
4543	7883
4544	5222
4545	6555
4546	7886
4547	5223
4548	6554
4549	7885
4550	5224
4551	7877
4552	6546
4553	5214
4554	7876
4555	6545
4556	5215
4557	7879
4558	5216
4559	7878
4560	6547
4561	5217
4562	5218
4563	6549
4564	5219
4565	6560
4566	7891
4567	7890
4568	7893
4569	6562
4570	5230
4571	6561
4572	7892
4573	5231
4574	7895
4575	6564
4576	5232
4577	6563
4578	7894
4579	5233
4580	7897
4581	6566
4582	5234
4583	6565
4584	7896
4585	5235
4586	6557
4587	7888
4588	5225
4589	6556
4590	7887
4591	5226
4592	6559
4593	5227
4594	6558
4595	7889
4596	5228
4597	5229
4598	6571
4599	6570
4600	5240
4601	6573
4602	5241
4603	6572
4604	5242
4605	6575
4606	5243
4607	6574
4608	5244
4609	6577
4610	5245
4611	6576
4612	5246
4613	6568
4614	7899
4615	5236
4616	7898
4617	6567
4618	5237
4619	5238
4620	6569
4621	5239
4622	6582
4623	5250
4624	6581
4625	5251
4626	6584
4627	5252
4628	6583
4629	5253
4630	6586
4631	5254
4632	6585
4633	5255
4634	6588
4635	5256
4636	6587
4637	5257
4638	6580
4639	6579
4640	5247
4641	6578
4642	5248
4643	5249
4644	6593
4645	5261
4646	6592
4647	5262
4648	6595
4649	5263
4650	6594
4651	5264
4652	6597
4653	5265
4654	6596
4655	5266
4656	6599
4657	5267
4658	6598
4659	5268
4660	6591
4661	6590
4662	5260
4663	5258
4664	6589
4665	5259
4666	5272
4667	5273
4668	5274
4669	5275
4670	5276
4671	5277
4672	5278
4673	5279
4674	5270
4675	5271
4676	5269
4677	5283
4678	5284
4679	5285
4680	5286
4681	5287
4682	5288
4683	5289
4684	5280
4685	5281
4686	5282
4687	5294
4688	5295
4689	5296
4690	5297
4691	5298
4692	5299
4693	5290
4694	5291
4695	5292
4696	5293
4697	1701
4698	1700
4699	1709
4700	1708
4701	1707
4702	1706
4703	1705
4704	1704
4705	1703
4706	1702
4707	1712
4708	1711
4709	1710
4710	1719
4711	1718
4712	1717
4713	1716
4714	1715
4715	1714
4716	1713
4717	1723
4718	1722
4719	1721
4720	1720
4721	1729
4722	1728
4723	1727
4724	1726
4725	1725
4726	1724
4727	1734
4728	1733
4729	1732
4730	1731
4731	1730
4732	1739
4733	1738
4734	1737
4735	1736
4736	1735
4737	1745
4738	1744
4739	1743
4740	1742
4741	1741
4742	1740
4743	1749
4744	1748
4745	1747
4746	1746
4747	1756
4748	1755
4749	1754
4750	1753
4751	1752
4752	1751
4753	1750
4754	1759
4755	1758
4756	1757
4757	1770
4758	1767
4759	1766
4760	1765
4761	1764
4762	1763
4763	1762
4764	1761
4765	1760
4766	1769
4767	1768
4768	1781
4769	1780
4770	1778
4771	1777
4772	1776
4773	1775
4774	1774
4775	1773
4776	1772
4777	1771
4778	1779
4779	1792
4780	1791
4781	1790
4782	1789
4783	1788
4784	1787
4785	1786
4786	1785
4787	1784
4788	1783
4789	1782
4790	1799
4791	1798
4792	1797
4793	1796
4794	1795
4795	1794
4796	1793
4797	900
4798	901
4799	902
4800	903
4801	904
4802	905
4803	906
4804	907
4805	908
4806	909
4807	910
4808	911
4809	912
4810	913
4811	914
4812	915
4813	916
4814	917
4815	918
4816	919
4817	920
4818	921
4819	922
4820	923
4821	924
4822	925
4823	926
4824	927
4825	928
4826	929
4827	930
4828	931
4829	932
4830	933
4831	934
4832	935
4833	936
4834	937
4835	938
4836	939
4837	7907
4838	7906
4839	7909
4840	7908
4841	940
4842	941
4843	942
4844	943
4845	944
4846	7901
4847	945
4848	7900
4849	946
4850	7903
4851	947
4852	7902
4853	948
4854	7905
4855	949
4856	7904
4857	7918
4858	7917
4859	7919
4860	950
4861	951
4862	952
4863	953
4864	7910
4865	954
4866	955
4867	7912
4868	956
4869	7911
4870	957
4871	7914
4872	958
4873	7913
4874	959
4875	7916
4876	7915
4877	7930
4878	7929
4879	7928
4880	960
4881	961
4882	962
4883	963
4884	964
4885	7921
4886	965
4887	7920
4888	966
4889	7923
4890	967
4891	7922
4892	968
4893	7925
4894	969
4895	7924
4896	7927
4897	7926
4898	7941
4899	6610
4900	7940
4901	6609
4902	7939
4903	6608
4904	970
4905	971
4906	972
4907	973
4908	974
4909	975
4910	7932
4911	976
4912	6601
4913	6600
4914	977
4915	7931
4916	7934
4917	978
4918	6603
4919	6602
4920	7933
4921	979
4922	7936
4923	6605
4924	6604
4925	7935
4926	7938
4927	6607
4928	7937
4929	6606
4930	7950
4931	6621
4932	7952
4933	7951
4934	6620
4935	6619
4936	980
4937	981
4938	982
4939	983
4940	984
4941	985
4942	986
4943	7943
4944	987
4945	7942
4946	6611
4947	988
4948	7945
4949	989
4950	6614
4951	6613
4952	7944
4953	7947
4954	6616
4955	7946
4956	6615
4957	7949
4958	6618
4959	7948
4960	6617
4961	7961
4962	6630
4963	7960
4964	7963
4965	6632
4966	5300
4967	7962
4968	6631
4969	5301
4970	990
4971	991
4972	992
4973	993
4974	994
4975	995
4976	996
4977	997
4978	7954
4979	6623
4980	998
4981	6622
4982	7953
4983	999
4984	7956
4985	6625
4986	6624
4987	7955
4988	7958
4989	6627
4990	7957
4991	6626
4992	6629
4993	7959
4994	6628
4995	7970
4996	7972
4997	6641
4998	7971
4999	6640
5000	5310
5001	7974
5002	6643
5003	5311
5004	7973
5005	6642
5006	5312
5007	7965
5008	6634
5009	5302
5010	7964
5011	6633
5012	5303
5013	7967
5014	6636
5015	5304
5016	7966
5017	6635
5018	5305
5019	7969
5020	6638
5021	5306
5022	6637
5023	7968
5024	5307
5025	5308
5026	6639
5027	5309
5028	7981
5029	6650
5030	7980
5031	7983
5032	6652
5033	5320
5034	7982
5035	6651
5036	5321
5037	7985
5038	6654
5039	5322
5040	6653
5041	7984
5042	5323
5043	6645
5044	7976
5045	5313
5046	7975
5047	6644
5048	5314
5049	7978
5050	6647
5051	5315
5052	7977
5053	6646
5054	5316
5055	6649
5056	5317
5057	7979
5058	6648
5059	5318
5060	5319
5061	7990
5062	7992
5063	6661
5064	7991
5065	6660
5066	5330
5067	7994
5068	6663
5069	4000
5070	5331
5071	6662
5072	7993
5073	4001
5074	5332
5075	7996
5076	6665
5077	4002
5078	5333
5079	7995
5080	6664
5081	4003
5082	5334
5083	6656
5084	7987
5085	5324
5086	6655
5087	7986
5088	5325
5089	6658
5090	7989
5091	5326
5092	7988
5093	6657
5094	5327
5095	5328
5096	6659
5097	5329
5098	6670
5099	6672
5100	5340
5101	6671
5102	4010
5103	5341
5104	6674
5105	4011
5106	5342
5107	6673
5108	4012
5109	5343
5110	6676
5111	4013
5112	5344
5113	6675
5114	4014
5115	5345
5116	7998
5117	6667
5118	4004
5119	5335
5120	7997
5121	6666
5122	4005
5123	5336
5124	6669
5125	4006
5126	5337
5127	7999
5128	6668
5129	4007
5130	5338
5131	4008
5132	5339
5133	4009
5134	6681
5135	6680
5136	5350
5137	6683
5138	4020
5139	5351
5140	6682
5141	4021
5142	5352
5143	6685
5144	4022
5145	5353
5146	6684
5147	4023
5148	5354
5149	6687
5150	4024
5151	5355
5152	6686
5153	4025
5154	5356
5155	6678
5156	4015
5157	5346
5158	6677
5159	4016
5160	5347
5161	4017
5162	5348
5163	6679
5164	4018
5165	5349
5166	4019
5167	6692
5168	5360
5169	6691
5170	4030
5171	5361
5172	6694
5173	4031
5174	5362
5175	6693
5176	4032
5177	5363
5178	6696
5179	4033
5180	5364
5181	6695
5182	4034
5183	5365
5184	6698
5185	4035
5186	5366
5187	6697
5188	4036
5189	5367
5190	6690
5191	6689
5192	4026
5193	5357
5194	6688
5195	4027
5196	5358
5197	4028
5198	5359
5199	4029
5200	4040
5201	5371
5202	4041
5203	5372
5204	4042
5205	5373
5206	4043
5207	5374
5208	4044
5209	5375
5210	4045
5211	5376
5212	4046
5213	5377
5214	4047
5215	5378
5216	5370
5217	4037
5218	5368
5219	6699
5220	4038
5221	5369
5222	4039
5223	4051
5224	5382
5225	4052
5226	5383
5227	4053
5228	5384
5229	4054
5230	5385
5231	4055
5232	5386
5233	4056
5234	5387
5235	4057
5236	5388
5237	4058
5238	5389
5239	5380
5240	4050
5241	5381
5242	4048
5243	5379
5244	4049
5245	4062
5246	5393
5247	4063
5248	5394
5249	4064
5250	5395
5251	4065
5252	5396
5253	4066
5254	5397
5255	4067
5256	5398
5257	4068
5258	5399
5259	4069
5260	5390
5261	4060
5262	5391
5263	4061
5264	5392
5265	4059
5266	4073
5267	4074
5268	4075
5269	4076
5270	4077
5271	4078
5272	4079
5273	4070
5274	4071
5275	4072
5276	4084
5277	4085
5278	4086
5279	4087
5280	4088
5281	4089
5282	1809
5283	4080
5284	4081
5285	4082
5286	4083
5287	1800
5288	1808
5289	1807
5290	1806
5291	1805
5292	1804
5293	1803
5294	1802
5295	1801
5296	4095
5297	4096
5298	4097
5299	4098
5300	4099
5301	4090
5302	4091
5303	4092
5304	4093
5305	4094
5306	1811
5307	1810
5308	1819
5309	1818
5310	1817
5311	1816
5312	1815
5313	1814
5314	1813
5315	1812
5316	1822
5317	1821
5318	1820
5319	1829
5320	1828
5321	1827
5322	1826
5323	1825
5324	1824
5325	1823
5326	1833
5327	1832
5328	1831
5329	1830
5330	1839
5331	1838
5332	1837
5333	1836
5334	1835
5335	1834
5336	1844
5337	1843
5338	1842
5339	1841
5340	1840
5341	1849
5342	1848
5343	1847
5344	1846
5345	1845
5346	1855
5347	1854
5348	1853
5349	1852
5350	1851
5351	1850
5352	1859
5353	1858
5354	1857
5355	1856
5356	1866
5357	1865
5358	1864
5359	1863
5360	1862
5361	1861
5362	1860
5363	1869
5364	1868
5365	1867
5366	1880
5367	1877
5368	1876
5369	1875
5370	1874
5371	1873
5372	1872
5373	1871
5374	1870
5375	1879
5376	1878
5377	1891
5378	1890
5379	1888
5380	1887
5381	1886
5382	1885
5383	1884
5384	1883
5385	1882
5386	1881
5387	1889
5388	1899
5389	1898
5390	1897
5391	1896
5392	1895
5393	1894
5394	1893
5395	1892
5396	6708
5397	6707
5398	6709
5399	6700
5400	6702
5401	6704
5402	6703
5403	6706
5404	6705
5405	6720
5406	6719
5407	6718
5408	6711
5409	6710
5410	6713
5411	6712
5412	6715
5413	6714
5414	6717
5415	6716
5416	6731
5417	6730
5418	5400
5419	6729
5420	6722
5421	6721
5422	6724
5423	6723
5424	6726
5425	6725
5426	6728
5427	6727
5428	6740
5429	6742
5430	5410
5431	6741
5432	5411
5433	5409
5434	6733
5435	5401
5436	6732
5437	5402
5438	6735
5439	5403
5440	6734
5441	5404
5442	6737
5443	5405
5444	6736
5445	5406
5446	6739
5447	5407
5448	6738
5449	5408
5450	6751
5451	6750
5452	5420
5453	6753
5454	5421
5455	6752
5456	5422
5457	6744
5458	5412
5459	6743
5460	5413
5461	6746
5462	5414
5463	6745
5464	5415
5465	6748
5466	5416
5467	6747
5468	5417
5469	5418
5470	6749
5471	5419
5472	6760
5473	6762
5474	5430
5475	6761
5476	4100
5477	5431
5478	6764
5479	4101
5480	5432
5481	6763
5482	4102
5483	5433
5484	6755
5485	5423
5486	6754
5487	5424
5488	6757
5489	5425
5490	6756
5491	5426
5492	6759
5493	5427
5494	6758
5495	5428
5496	5429
5497	6771
5498	6770
5499	5440
5500	6773
5501	4110
5502	5441
5503	6772
5504	4111
5505	5442
5506	6775
5507	4112
5508	5443
5509	6774
5510	4113
5511	5444
5512	6766
5513	4103
5514	5434
5515	6765
5516	4104
5517	5435
5518	6768
5519	4105
5520	5436
5521	6767
5522	4106
5523	5437
5524	4107
5525	5438
5526	6769
5527	4108
5528	5439
5529	4109
5530	6780
5531	6782
5532	5450
5533	6781
5534	4120
5535	5451
5536	6784
5537	4121
5538	5452
5539	6783
5540	4122
5541	5453
5542	6786
5543	4123
5544	5454
5545	6785
5546	4124
5547	5455
5548	6777
5549	4114
5550	5445
5551	6776
5552	4115
5553	5446
5554	6779
5555	4116
5556	5447
5557	6778
5558	4117
5559	5448
5560	4118
5561	5449
5562	4119
5563	6791
5564	6790
5565	5460
5566	6793
5567	4130
5568	5461
5569	6792
5570	4131
5571	5462
5572	6795
5573	4132
5574	5463
5575	6794
5576	4133
5577	5464
5578	6797
5579	4134
5580	5465
5581	6796
5582	4135
5583	5466
5584	6788
5585	4125
5586	5456
5587	6787
5588	4126
5589	5457
5590	4127
5591	5458
5592	6789
5593	4128
5594	5459
5595	4129
5596	5470
5597	4140
5598	5471
5599	4141
5600	5472
5601	4142
5602	5473
5603	4143
5604	5474
5605	4144
5606	5475
5607	4145
5608	5476
5609	4146
5610	5477
5611	6799
5612	4136
5613	5467
5614	6798
5615	4137
5616	5468
5617	4138
5618	5469
5619	4139
5620	4150
5621	5481
5622	4151
5623	5482
5624	4152
5625	5483
5626	4153
5627	5484
5628	4154
5629	5485
5630	4155
5631	5486
5632	4156
5633	5487
5634	4157
5635	5488
5636	5480
5637	4147
5638	5478
5639	4148
5640	5479
5641	4149
5642	4161
5643	5492
5644	4162
5645	5493
5646	4163
5647	5494
5648	4164
5649	5495
5650	4165
5651	5496
5652	4166
5653	5497
5654	4167
5655	5498
5656	4168
5657	5499
5658	5490
5659	4160
5660	5491
5661	4158
5662	5489
5663	4159
5664	4172
5665	4173
5666	4174
5667	4175
5668	4176
5669	4177
5670	4178
5671	4179
5672	4170
5673	4171
5674	4169
5675	4183
5676	4184
5677	4185
5678	4186
5679	4187
5680	4188
5681	1909
5682	4189
5683	1908
5684	4180
5685	4181
5686	4182
5687	1907
5688	1906
5689	1905
5690	1904
5691	1903
5692	1902
5693	1901
5694	1900
5695	4194
5696	4195
5697	4196
5698	4197
5699	4198
5700	4199
5701	1919
5702	4190
5703	4191
5704	4192
5705	4193
5706	1910
5707	1918
5708	1917
5709	1916
5710	1915
5711	1914
5712	1913
5713	1912
5714	1911
5715	1921
5716	1920
5717	1929
5718	1928
5719	1927
5720	1926
5721	1925
5722	1924
5723	1923
5724	1922
5725	1932
5726	1931
5727	1930
5728	1939
5729	1938
5730	1937
5731	1936
5732	1935
5733	1934
5734	1933
5735	1943
5736	1942
5737	1941
5738	1940
5739	1949
5740	1948
5741	1947
5742	1946
5743	1945
5744	1944
5745	1954
5746	1953
5747	1952
5748	1951
5749	1950
5750	1959
5751	1958
5752	1957
5753	1956
5754	1955
5755	1965
5756	1964
5757	1963
5758	1962
5759	1961
5760	1960
5761	1969
5762	1968
5763	1967
5764	1966
5765	1976
5766	1975
5767	1974
5768	1973
5769	1972
5770	1971
5771	1970
5772	1979
5773	1978
5774	1977
5775	1990
5776	1987
5777	1986
5778	1985
5779	1984
5780	1983
5781	1982
5782	1981
5783	1980
5784	1989
5785	1988
5786	9003
5787	9004
5788	9001
5789	9002
5790	9007
5791	9008
5792	9005
5793	9006
5794	9000
5795	1998
5796	1997
5797	1996
5798	1995
5799	1994
5800	1993
5801	1992
5802	1991
5803	1999
5804	9014
5805	9015
5806	9012
5807	9013
5808	9018
5809	9019
5810	9016
5811	9017
5812	9010
5813	9011
5814	9009
5815	9025
5816	9026
5817	9023
5818	9024
5819	9029
5820	9027
5821	9028
5822	9021
5823	9022
5824	9020
5825	9036
5826	9037
5827	9034
5828	9035
5829	9038
5830	9039
5831	9032
5832	9033
5833	9030
5834	9031
5835	9047
5836	9048
5837	9045
5838	9046
5839	9049
5840	9040
5841	9043
5842	9044
5843	9041
5844	9042
5845	9058
5846	9059
5847	9056
5848	9057
5849	9050
5850	9051
5851	9054
5852	9055
5853	9052
5854	9053
5855	9069
5856	9067
5857	9068
5858	9061
5859	9062
5860	9060
5861	9065
5862	9066
5863	9063
5864	9064
5865	9078
5866	9079
5867	9072
5868	9073
5869	9070
5870	9071
5871	9076
5872	9077
5873	9074
5874	9075
5875	9089
5876	9083
5877	9084
5878	9081
5879	9082
5880	9087
5881	9088
5882	9085
5883	9086
5884	6807
5885	6806
5886	6809
5887	6808
5888	9080
5889	6801
5890	6800
5891	6803
5892	6802
5893	6805
5894	6804
5895	9094
5896	9095
5897	9092
5898	9093
5899	9098
5900	9099
5901	9096
5902	9097
5903	6818
5904	6817
5905	6819
5906	9090
5907	9091
5908	6810
5909	6812
5910	6811
5911	6814
5912	6813
5913	6816
5914	6815
5915	6830
5916	6829
5917	6828
5918	6821
5919	6820
5920	6823
5921	6822
5922	6825
5923	6824
5924	6827
5925	6826
5926	6841
5927	6840
5928	5510
5929	5508
5930	6839
5931	5509
5932	6832
5933	5500
5934	6831
5935	5501
5936	6834
5937	5502
5938	6833
5939	5503
5940	6836
5941	5504
5942	6835
5943	5505
5944	6838
5945	5506
5946	6837
5947	5507
5948	6850
5949	6852
5950	5520
5951	6851
5952	5521
5953	5519
5954	6843
5955	5511
5956	6842
5957	5512
5958	6845
5959	5513
5960	6844
5961	5514
5962	6847
5963	5515
5964	6846
5965	5516
5966	6849
5967	5517
5968	6848
5969	5518
5970	6861
5971	6860
5972	5530
5973	6863
5974	4200
5975	5531
5976	6862
5977	4201
5978	5532
5979	6854
5980	5522
5981	6853
5982	5523
5983	6856
5984	5524
5985	6855
5986	5525
5987	6858
5988	5526
5989	6857
5990	5527
5991	5528
5992	6859
5993	5529
5994	6870
5995	6872
5996	5540
5997	6871
5998	4210
5999	5541
6000	6874
6001	4211
6002	5542
6003	6873
6004	4212
6005	5543
6006	6865
6007	4202
6008	5533
6009	6864
6010	4203
6011	5534
6012	6867
6013	4204
6014	5535
6015	6866
6016	4205
6017	5536
6018	6869
6019	4206
6020	5537
6021	6868
6022	4207
6023	5538
6024	4208
6025	5539
6026	4209
6027	6881
6028	6880
6029	5550
6030	6883
6031	4220
6032	5551
6033	6882
6034	4221
6035	5552
6036	6885
6037	4222
6038	5553
6039	6884
6040	4223
6041	5554
6042	6876
6043	4213
6044	5544
6045	6875
6046	4214
6047	5545
6048	6878
6049	4215
6050	5546
6051	6877
6052	4216
6053	5547
6054	4217
6055	5548
6056	6879
6057	4218
6058	5549
6059	4219
6060	6890
6061	6892
6062	5560
6063	6891
6064	4230
6065	5561
6066	6894
6067	4231
6068	5562
6069	4232
6070	6893
6071	5563
6072	6896
6073	4233
6074	5564
6075	6895
6076	4234
6077	5565
6078	6887
6079	4224
6080	5555
6081	6886
6082	4225
6083	5556
6084	6889
6085	4226
6086	5557
6087	6888
6088	4227
6089	5558
6090	4228
6091	5559
6092	4229
6093	5570
6094	4240
6095	5571
6096	4241
6097	5572
6098	4242
6099	5573
6100	4243
6101	5574
6102	4244
6103	5575
6104	4245
6105	5576
6106	6898
6107	4235
6108	5566
6109	6897
6110	4236
6111	5567
6112	4237
6113	5568
6114	6899
6115	4238
6116	5569
6117	4239
6118	5580
6119	4250
6120	5581
6121	4251
6122	5582
6123	4252
6124	5583
6125	4253
6126	5584
6127	4254
6128	5585
6129	4255
6130	5586
6131	4256
6132	5587
6133	4246
6134	5577
6135	4247
6136	5578
6137	4248
6138	5579
6139	4249
6140	4260
6141	5591
6142	4261
6143	5592
6144	4262
6145	5593
6146	4263
6147	5594
6148	4264
6149	5595
6150	4265
6151	5596
6152	4266
6153	5597
6154	4267
6155	5598
6156	5590
6157	4257
6158	5588
6159	4258
6160	5589
6161	4259
6162	4271
6163	4272
6164	4273
6165	4274
6166	4275
6167	4276
6168	4277
6169	4278
6170	4270
6171	4268
6172	5599
6173	4269
6174	4282
6175	4283
6176	4284
6177	4285
6178	4286
6179	4287
6180	4288
6181	4289
6182	4280
6183	4281
6184	4279
6185	4293
6186	4294
6187	4295
6188	4296
6189	4297
6190	4298
6191	4299
6192	4290
6193	4291
6194	4292
6195	9102
6196	9103
6197	9100
6198	9101
6199	9106
6200	9107
6201	9104
6202	9105
6203	9113
6204	9114
6205	9111
6206	9112
6207	9117
6208	9118
6209	9115
6210	9116
6211	9110
6212	9108
6213	9109
6214	9124
6215	9125
6216	9122
6217	9123
6218	9128
6219	9129
6220	9126
6221	9127
6222	9120
6223	9121
6224	9119
6225	9135
6226	9136
6227	9133
6228	9134
6229	9139
6230	9137
6231	9138
6232	9131
6233	9132
6234	9130
6235	9146
6236	9147
6237	9144
6238	9145
6239	9148
6240	9149
6241	9142
6242	9143
6243	9140
6244	9141
6245	9158
6246	9155
6247	9156
6248	9159
6249	9150
6250	9153
6251	9154
6252	9151
6253	9152
6254	9168
6255	9169
6256	9166
6257	9167
6258	9160
6259	9161
6260	9164
6261	9165
6262	9162
6263	9163
6264	9179
6265	9177
6266	9178
6267	9171
6268	9172
6269	9170
6270	9175
6271	9176
6272	9173
6273	9174
6274	9188
6275	9189
6276	9182
6277	9183
6278	9180
6279	9181
6280	9186
6281	9187
6282	9184
6283	9185
6284	6906
6285	6905
6286	6908
6287	6907
6288	6909
6289	6900
6290	6902
6291	6901
6292	6904
6293	6903
6294	9199
6295	9193
6296	9194
6297	9191
6298	9192
6299	9197
6300	9198
6301	9195
6302	9196
6303	6917
6304	6916
6305	6919
6306	6918
6307	9190
6308	6911
6309	6910
6310	6913
6311	6912
6312	6915
6313	6914
6314	6928
6315	6927
6316	6929
6317	6920
6318	6922
6319	6921
6320	6924
6321	6923
6322	6926
6323	6925
6324	6940
6325	6939
6326	5607
6327	6938
6328	5608
6329	5609
6330	6931
6331	6930
6332	5600
6333	6933
6334	5601
6335	6932
6336	5602
6337	6935
6338	5603
6339	6934
6340	5604
6341	6937
6342	5605
6343	6936
6344	5606
6345	6951
6346	6950
6347	5620
6348	5618
6349	6949
6350	5619
6351	6942
6352	5610
6353	6941
6354	5611
6355	6944
6356	5612
6357	6943
6358	5613
6359	6946
6360	5614
6361	6945
6362	5615
6363	6948
6364	5616
6365	6947
6366	5617
6367	6960
6368	6962
6369	5630
6370	6961
6371	4300
6372	5631
6373	5629
6374	6953
6375	5621
6376	6952
6377	5622
6378	6955
6379	5623
6380	6954
6381	5624
6382	6957
6383	5625
6384	6956
6385	5626
6386	6959
6387	5627
6388	6958
6389	5628
6390	6971
6391	6970
6392	5640
6393	6973
6394	4310
6395	5641
6396	6972
6397	4311
6398	5642
6399	4309
6400	6964
6401	4301
6402	5632
6403	6963
6404	4302
6405	5633
6406	6966
6407	4303
6408	5634
6409	6965
6410	4304
6411	5635
6412	6968
6413	4305
6414	5636
6415	6967
6416	4306
6417	5637
6418	4307
6419	5638
6420	6969
6421	4308
6422	5639
6423	6980
6424	6982
6425	5650
6426	6981
6427	4320
6428	5651
6429	6984
6430	4321
6431	5652
6432	6983
6433	4322
6434	5653
6435	6975
6436	4312
6437	5643
6438	6974
6439	4313
6440	5644
6441	6977
6442	4314
6443	5645
6444	6976
6445	4315
6446	5646
6447	6979
6448	4316
6449	5647
6450	6978
6451	4317
6452	5648
6453	4318
6454	5649
6455	4319
6456	6991
6457	6990
6458	5660
6459	6993
6460	4330
6461	5661
6462	6992
6463	4331
6464	5662
6465	6995
6466	4332
6467	5663
6468	6994
6469	4333
6470	5664
6471	3002
6472	3001
6473	3000
6474	6986
6475	4323
6476	5654
6477	4324
6478	5655
6479	6988
6480	4325
6481	5656
6482	6987
6483	4326
6484	5657
6485	4327
6486	5658
6487	6989
6488	4328
6489	5659
6490	4329
6491	5670
6492	4340
6493	5671
6494	4341
6495	5672
6496	4342
6497	5673
6498	4343
6499	5674
6500	4344
6501	5675
6502	3013
6503	3012
6504	3011
6505	3010
6506	3009
6507	3008
6508	3007
6509	3006
6510	3005
6511	3004
6512	3003
6513	6997
6514	4334
6515	5665
6516	6996
6517	4335
6518	5666
6519	6999
6520	4336
6521	5667
6522	6998
6523	4337
6524	5668
6525	4338
6526	5669
6527	4339
6528	5680
6529	4350
6530	5681
6531	4351
6532	5682
6533	4352
6534	5683
6535	4353
6536	5684
6537	4354
6538	5685
6539	4355
6540	5686
6541	3024
6542	3023
6543	3022
6544	3021
6545	3020
6546	3019
6547	3018
6548	3017
6549	3016
6550	3015
6551	3014
6552	4345
6553	5676
6554	4346
6555	5677
6556	4347
6557	5678
6558	5679
6559	4349
6560	5690
6561	4360
6562	5691
6563	4361
6564	5692
6565	4362
6566	5693
6567	4363
6568	5694
6569	4364
6570	5695
6571	4365
6572	5696
6573	4366
6574	5697
6575	3035
6576	3034
6577	3033
6578	3032
6579	3031
6580	3030
6581	3029
6582	3028
6583	3027
6584	3026
6585	3025
6586	4356
6587	5687
6588	4357
6589	5688
6590	4358
6591	5689
6592	4359
6593	4370
6594	4371
6595	4372
6596	4373
6597	4374
6598	4375
6599	4376
6600	4377
6601	3046
6602	3045
6603	3044
6604	3043
6605	3042
6606	3041
6607	3040
6608	3039
6609	3038
6610	3037
6611	3036
6612	4367
6613	5698
6614	4368
6615	5699
6616	4369
6617	4381
6618	4382
6619	4383
6620	4384
6621	4385
6622	4386
6623	4387
6624	4388
6625	3057
6626	3056
6627	3055
6628	3054
6629	3053
6630	3052
6631	3051
6632	3050
6633	4380
6634	3049
6635	3048
6636	3047
6637	4378
6638	4379
6639	3060
6640	4392
6641	4393
6642	4394
6643	4395
6644	4396
6645	4397
6646	4398
6647	4399
6648	3068
6649	3067
6650	3066
6651	3065
6652	3064
6653	3063
6654	3062
6655	4390
6656	3061
6657	4391
6658	3059
6659	3058
6660	4389
6661	3071
6662	3070
6663	3079
6664	3078
6665	3077
6666	3076
6667	3075
6668	3074
6669	3073
6670	3072
6671	3069
6672	3082
6673	3081
6674	3080
6675	3089
6676	3088
6677	3087
6678	3086
6679	3085
6680	3084
6681	3083
6682	3093
6683	3092
6684	3091
6685	3090
6686	3099
6687	3098
6688	3097
6689	3096
6690	3095
6691	3094
6692	9201
6693	9202
6694	9200
6695	9205
6696	9206
6697	9203
6698	9204
6699	9212
6700	9213
6701	9210
6702	9211
6703	9216
6704	9217
6705	9214
6706	9215
6707	9209
6708	9207
6709	9208
6710	9223
6711	9224
6712	9221
6713	9222
6714	9227
6715	9228
6716	9225
6717	9226
6718	9220
6719	9218
6720	9219
6721	9234
6722	9235
6723	9232
6724	9233
6725	9238
6726	9239
6727	9236
6728	9237
6729	9230
6730	9231
6731	9229
6732	9245
6733	9246
6734	9243
6735	9244
6736	9249
6737	9247
6738	9248
6739	9241
6740	9242
6741	9240
6742	9250
6743	5706
6744	5707
6745	5708
6746	5709
6747	5700
6748	5701
6749	5702
6750	5703
6751	5704
6752	5705
6753	5717
6754	5718
6755	5719
6756	5710
6757	5711
6758	5712
6759	5713
6760	5714
6761	5715
6762	5716
6763	5730
6764	5728
6765	5729
6766	5720
6767	5721
6768	5722
6769	5723
6770	5724
6771	5725
6772	5726
6773	5727
6774	5740
6775	4410
6776	5741
6777	4408
6778	5739
6779	4409
6780	4400
6781	5731
6782	4401
6783	5732
6784	4402
6785	5733
6786	4403
6787	5734
6788	4404
6789	5735
6790	4405
6791	5736
6792	4406
6793	5737
6794	4407
6795	5738
6796	5750
6797	4420
6798	5751
6799	4421
6800	5752
6801	4419
6802	4411
6803	5742
6804	4412
6805	5743
6806	4413
6807	5744
6808	4414
6809	5745
6810	4415
6811	5746
6812	4416
6813	5747
6814	4417
6815	5748
6816	4418
6817	5749
6818	5760
6819	4430
6820	5761
6821	4431
6822	5762
6823	4432
6824	5763
6825	3101
6826	3100
6827	4422
6828	5753
6829	4423
6830	5754
6831	4424
6832	5755
6833	4425
6834	5756
6835	4426
6836	5757
6837	4427
6838	5758
6839	4428
6840	5759
6841	4429
6842	5770
6843	4440
6844	5771
6845	4441
6846	5772
6847	4442
6848	5773
6849	4443
6850	5774
6851	3112
6852	3111
6853	3110
6854	3109
6855	3108
6856	3107
6857	3106
6858	3105
6859	3104
6860	3103
6861	3102
6862	4433
6863	5764
6864	4434
6865	5765
6866	4435
6867	5766
6868	4436
6869	5767
6870	4437
6871	5768
6872	4438
6873	5769
6874	4439
6875	5780
6876	4450
6877	5781
6878	4451
6879	5782
6880	4452
6881	5783
6882	4453
6883	5784
6884	4454
6885	5785
6886	3123
6887	3122
6888	3121
6889	3120
6890	3119
6891	3118
6892	3117
6893	3116
6894	3115
6895	3114
6896	3113
6897	4444
6898	5775
6899	4445
6900	5776
6901	4446
6902	5777
6903	4447
6904	5778
6905	4448
6906	5779
6907	4449
6908	5790
6909	4460
6910	5791
6911	4461
6912	5792
6913	4462
6914	5793
6915	4463
6916	5794
6917	4464
6918	5795
6919	4465
6920	5796
6921	3134
6922	3133
6923	3132
6924	3131
6925	3130
6926	3129
6927	3128
6928	3127
6929	3126
6930	3125
6931	3124
6932	4455
6933	5786
6934	4456
6935	5787
6936	4457
6937	5788
6938	4458
6939	5789
6940	4459
6941	4470
6942	4471
6943	4472
6944	4473
6945	4474
6946	4475
6947	4476
6948	3145
6949	3144
6950	3143
6951	3142
6952	3141
6953	3140
6954	3139
6955	3138
6956	3137
6957	3136
6958	3135
6959	4466
6960	5797
6961	4467
6962	5798
6963	4468
6964	5799
6965	4469
6966	4480
6967	4481
6968	4482
6969	4483
6970	4484
6971	4486
6972	4487
6973	3156
6974	3155
6975	3154
6976	3153
6977	3152
6978	3151
6979	3150
6980	3149
6981	3148
6982	3147
6983	3146
6984	4477
6985	4478
6986	4479
6987	4491
6988	4492
6989	4493
6990	4494
6991	4495
6992	4496
6993	4497
6994	4498
6995	3167
6996	3166
6997	3165
6998	3164
6999	3163
7000	3162
7001	3161
7002	3160
7003	4490
7004	3159
7005	3158
7006	3157
7007	4488
7008	4489
7009	3170
7010	3178
7011	3177
7012	3176
7013	3175
7014	3174
7015	3173
7016	3172
7017	3171
7018	3169
7019	3168
7020	4499
7021	3181
7022	3180
7023	3189
7024	3188
7025	3187
7026	3186
7027	3185
7028	3184
7029	3183
7030	3182
7031	3179
7032	3192
7033	3191
7034	3190
7035	3199
7036	3198
7037	3197
7038	3196
7039	3195
7040	3194
7041	3193
7042	8002
7043	8003
7044	8000
7045	8001
7046	8006
7047	8007
7048	8004
7049	8005
7050	8013
7051	8014
7052	8011
7053	8012
7054	8017
7055	8018
7056	8015
7057	8016
7058	8010
7059	8008
7060	8009
7061	8024
7062	8025
7063	8022
7064	8023
7065	8028
7066	8029
7067	8026
7068	8027
7069	8020
7070	8021
7071	8019
7072	8035
7073	8036
7074	8033
7075	8034
7076	8039
7077	8037
7078	8038
7079	8031
7080	8032
7081	8030
7082	8046
7083	8047
7084	8044
7085	8045
7086	8048
7087	8049
7088	8042
7089	8043
7090	8040
7091	8041
7092	8057
7093	8058
7094	8055
7095	8056
7096	8059
7097	8050
7098	8053
7099	8054
7100	8051
7101	8052
7102	8068
7103	8069
7104	8066
7105	8067
7106	8060
7107	8061
7108	8064
7109	8065
7110	8062
7111	8063
7112	8079
7113	8077
7114	8078
7115	8071
7116	8072
7117	8070
7118	8075
7119	8076
7120	8073
7121	8074
7122	8088
7123	8089
7124	8082
7125	8083
7126	8080
7127	8081
7128	8086
7129	8087
7130	8084
7131	8085
7132	5805
7133	5806
7134	5807
7135	5808
7136	5809
7137	5800
7138	5801
7139	5802
7140	5803
7141	5804
7142	8099
7143	8093
7144	8094
7145	8091
7146	8092
7147	8097
7148	8098
7149	8095
7150	8096
7151	5816
7152	5817
7153	5818
7154	5819
7155	8090
7156	5810
7157	5811
7158	5812
7159	5813
7160	5814
7161	5815
7162	5827
7163	5828
7164	5829
7165	5820
7166	5821
7167	5822
7168	5823
7169	5824
7170	5825
7171	5826
7172	5840
7173	4507
7174	5838
7175	4508
7176	5839
7177	4509
7178	5830
7179	4500
7180	5831
7181	4501
7182	5832
7183	4502
7184	5833
7185	4503
7186	5834
7187	4504
7188	5835
7189	4505
7190	5836
7191	4506
7192	5837
7193	5850
7194	4520
7195	5851
7196	4518
7197	4519
7198	4510
7199	5841
7200	4511
7201	5842
7202	4512
7203	5843
7204	4513
7205	5844
7206	4514
7207	5845
7208	4515
7209	5846
7210	4516
7211	5847
7212	4517
7213	5848
7214	5860
7215	4530
7216	5861
7217	4531
7218	5862
7219	3200
7220	4529
7221	4521
7222	5852
7223	4522
7224	5853
7225	4523
7226	5854
7227	4524
7228	5855
7229	4525
7230	5856
7231	4526
7232	5857
7233	4527
7234	5858
7235	4528
7236	5859
7237	5870
7238	4540
7239	5871
7240	4541
7241	5872
7242	4542
7243	5873
7244	3211
7245	3210
7246	3208
7247	3207
7248	3206
7249	3205
7250	3204
7251	3203
7252	3202
7253	3201
7254	4532
7255	5863
7256	4533
7257	5864
7258	4534
7259	5865
7260	4535
7261	5866
7262	4536
7263	5867
7264	4537
7265	5868
7266	4538
7267	5869
7268	3209
7269	4539
7270	5880
7271	4550
7272	5881
7273	4551
7274	5882
7275	4552
7276	5883
7277	4553
7278	5884
7279	3222
7280	3221
7281	3220
7282	3219
7283	3218
7284	3217
7285	3216
7286	3215
7287	3214
7288	3213
7289	3212
7290	4543
7291	5874
7292	4544
7293	5875
7294	4545
7295	5876
7296	4546
7297	5877
7298	4547
7299	5878
7300	4548
7301	5879
7302	4549
7303	5890
7304	4560
7305	5891
7306	4561
7307	5892
7308	4562
7309	5893
7310	4563
7311	5894
7312	4564
7313	5895
7314	3233
7315	3232
7316	3231
7317	3230
7318	3229
7319	3228
7320	3227
7321	3226
7322	3225
7323	3224
7324	3223
7325	4554
7326	5885
7327	4555
7328	5886
7329	4556
7330	5887
7331	4557
7332	5888
7333	4558
7334	5889
7335	4559
7336	4570
7337	4571
7338	4572
7339	4573
7340	4574
7341	4575
7342	3244
7343	3243
7344	3242
7345	3241
7346	3240
7347	3239
7348	3238
7349	3237
7350	3236
7351	3235
7352	3234
7353	4565
7354	5896
7355	4566
7356	5897
7357	4567
7358	5898
7359	4568
7360	5899
7361	4569
7362	4580
7363	4581
7364	4582
7365	4583
7366	4584
7367	4585
7368	4586
7369	3255
7370	3254
7371	3253
7372	3252
7373	3251
7374	3250
7375	3249
7376	3248
7377	3247
7378	3246
7379	3245
7380	4576
7381	4577
7382	4578
7383	4579
7384	4590
7385	4591
7386	4592
7387	4593
7388	4594
7389	4595
7390	4596
7391	4597
7392	3266
7393	3265
7394	3264
7395	3263
7396	3262
7397	3261
7398	3260
7399	3259
7400	3258
7401	3257
7402	3256
7403	4587
7404	4588
7405	4589
7406	3277
7407	3276
7408	3275
7409	3274
7410	3273
7411	3272
7412	3271
7413	3270
7414	3269
7415	3268
7416	3267
7417	4598
7418	4599
7419	3280
7420	3288
7421	3287
7422	3286
7423	3285
7424	3284
7425	3283
7426	3282
7427	3281
7428	3279
7429	3278
7430	3291
7431	3290
7432	3299
7433	3298
7434	3297
7435	3296
7436	3295
7437	3294
7438	3293
7439	3292
7440	3289
7441	8101
7442	8102
7443	8100
7444	8105
7445	8106
7446	8103
7447	8104
7448	8112
7449	8113
7450	8110
7451	8111
7452	8116
7453	8117
7454	8114
7455	8115
7456	8109
7457	8107
7458	8108
7459	8123
7460	8124
7461	8121
7462	8122
7463	8127
7464	8128
7465	8125
7466	8126
7467	8120
7468	8118
7469	8119
7470	8134
7471	8135
7472	8132
7473	8133
7474	8138
7475	8139
7476	8136
7477	8137
7478	8130
7479	8131
7480	8129
7481	8145
7482	8146
7483	8143
7484	8144
7485	8149
7486	8147
7487	8148
7488	8141
7489	8142
7490	8140
7491	8156
7492	8157
7493	8154
7494	8155
7495	8158
7496	8159
7497	8152
7498	8153
7499	8150
7500	8151
7501	8167
7502	8168
7503	8165
7504	8166
7505	8169
7506	8160
7507	8163
7508	8164
7509	8161
7510	8162
7511	8178
7512	8179
7513	8176
7514	8177
7515	8170
7516	8171
7517	8174
7518	8175
7519	8172
7520	8189
7521	8187
7522	8188
7523	8181
7524	8182
7525	8180
7526	8185
7527	8186
7528	8183
7529	8184
7530	5904
7531	5905
7532	5906
7533	5907
7534	5908
7535	5909
7536	5900
7537	5901
7538	5902
7539	5903
7540	8198
7541	8199
7542	8192
7543	8193
7544	8190
7545	8191
7546	8196
7547	8197
7548	8194
7549	8195
7550	5915
7551	5916
7552	5917
7553	5918
7554	5919
7555	5910
7556	5911
7557	5912
7558	5913
7559	5914
7560	5926
7561	5927
7562	5928
7563	5929
7564	5920
7565	5921
7566	5922
7567	5923
7568	5924
7569	5925
7570	4606
7571	5937
7572	4607
7573	5938
7574	4608
7575	5939
7576	4609
7577	5930
7578	4600
7579	5931
7580	4601
7581	5932
7582	4602
7583	5933
7584	4603
7585	5934
7586	4604
7587	5935
7588	4605
7589	5936
7590	5950
7591	4617
7592	5948
7593	4618
7594	5949
7595	4619
7596	5940
7597	4610
7598	5941
7599	4611
7600	5942
7601	4612
7602	5943
7603	4613
7604	5944
7605	4614
7606	5945
7607	4615
7608	5946
7609	4616
7610	5947
7611	5960
7612	4630
7613	5961
7614	4628
7615	5959
7616	4629
7617	4620
7618	5951
7619	4621
7620	5952
7621	4622
7622	5953
7623	4623
7624	5954
7625	4624
7626	5955
7627	4625
7628	5956
7629	4626
7630	5957
7631	4627
7632	5958
7633	5970
7634	4640
7635	5971
7636	4641
7637	5972
7638	3310
7639	3307
7640	4639
7641	3306
7642	3305
7643	3304
7644	3303
7645	3302
7646	3301
7647	3300
7648	4631
7649	5962
7650	4632
7651	5963
7652	4633
7653	5964
7654	4634
7655	5965
7656	4635
7657	5966
7658	4636
7659	5967
7660	3309
7661	4637
7662	5968
7663	3308
7664	4638
7665	5969
7666	5980
7667	4650
7668	5981
7669	4651
7670	5982
7671	4652
7672	5983
7673	3321
7674	3320
7675	3318
7676	3317
7677	3316
7678	3315
7679	3314
7680	3313
7681	3312
7682	3311
7683	4642
7684	5973
7685	4643
7686	5974
7687	4644
7688	5975
7689	4645
7690	5976
7691	4646
7692	5977
7693	4647
7694	5978
7695	4648
7696	5979
7697	3319
7698	4649
7699	5990
7700	4660
7701	5991
7702	4661
7703	5992
7704	4662
7705	5993
7706	4663
7707	5994
7708	2001
7709	3332
7710	2000
7711	3331
7712	3330
7713	3329
7714	3328
7715	3327
7716	3326
7717	3325
7718	3324
7719	3323
7720	3322
7721	4653
7722	5984
7723	4654
7724	5985
7725	4655
7726	5986
7727	4656
7728	5987
7729	4657
7730	5988
7731	4658
7732	5989
7733	4659
7734	4670
7735	4671
7736	4672
7737	4673
7738	4674
7739	2012
7740	3343
7741	2011
7742	3342
7743	2010
7744	3341
7745	3340
7746	2009
7747	2008
7748	3339
7749	2007
7750	3338
7751	2006
7752	3337
7753	2005
7754	3336
7755	2004
7756	3335
7757	2003
7758	3334
7759	2002
7760	3333
7761	4664
7762	5995
7763	4665
7764	5996
7765	4666
7766	5997
7767	4667
7768	5998
7769	4668
7770	5999
7771	4669
7772	4680
7773	4681
7774	4682
7775	4683
7776	4684
7777	4685
7778	2023
7779	3354
7780	2022
7781	3353
7782	2021
7783	3352
7784	2020
7785	3351
7786	3350
7787	2019
7788	2018
7789	3349
7790	2017
7791	3348
7792	2016
7793	3347
7794	2015
7795	3346
7796	2014
7797	3345
7798	2013
7799	3344
7800	4675
7801	4676
7802	4677
7803	4678
7804	4679
7805	4690
7806	4691
7807	4692
7808	4693
7809	4694
7810	4695
7811	4696
7812	2034
7813	3365
7814	2033
7815	3364
7816	2032
7817	3363
7818	2031
7819	3362
7820	2030
7821	3361
7822	3360
7823	2029
7824	2028
7825	3359
7826	2027
7827	3358
7828	2026
7829	3357
7830	2025
7831	3356
7832	2024
7833	3355
7834	4686
7835	4687
7836	4688
7837	4689
7838	2045
7839	3376
7840	2044
7841	3375
7842	2043
7843	3374
7844	2042
7845	3373
7846	2041
7847	3372
7848	2040
7849	3371
7850	3370
7851	2039
7852	2038
7853	3369
7854	2037
7855	3368
7856	2036
7857	3367
7858	2035
7859	3366
7860	4697
7861	4698
7862	4699
7863	2056
7864	3387
7865	2055
7866	3386
7867	2054
7868	3385
7869	2053
7870	3384
7871	2052
7872	3383
7873	2051
7874	3382
7875	2050
7876	3381
7877	3380
7878	2049
7879	2048
7880	3379
7881	2047
7882	3378
7883	2046
7884	3377
7885	3390
7886	2067
7887	3398
7888	2066
7889	3397
7890	2065
7891	3396
7892	2064
7893	3395
7894	2063
7895	3394
7896	2062
7897	3393
7898	2061
7899	3392
7900	2060
7901	3391
7902	2059
7903	2058
7904	3389
7905	2057
7906	3388
7907	2070
7908	2078
7909	2077
7910	2076
7911	2075
7912	2074
7913	2073
7914	2072
7915	2071
7916	2069
7917	2068
7918	3399
7919	2081
7920	2080
7921	2089
7922	2088
7923	2087
7924	2086
7925	2085
7926	2084
7927	2083
7928	2082
7929	2079
7930	2092
7931	2091
7932	2090
7933	2099
7934	2098
7935	2097
7936	2096
7937	2095
7938	2094
7939	2093
7940	8200
7941	8201
7942	8204
7943	8205
7944	8202
7945	8203
7946	8211
7947	8212
7948	8210
7949	8215
7950	8216
7951	8213
7952	8214
7953	8208
7954	8209
7955	8206
7956	8207
7957	8222
7958	8223
7959	8220
7960	8221
7961	8226
7962	8227
7963	8224
7964	8225
7965	8219
7966	8217
7967	8218
7968	8233
7969	8234
7970	8231
7971	8232
7972	8237
7973	8238
7974	8235
7975	8236
7976	8230
7977	8228
7978	8229
7979	8244
7980	8245
7981	8242
7982	8243
7983	8248
7984	8249
7985	8246
7986	8247
7987	8240
7988	8241
7989	8239
7990	8255
7991	8256
7992	8253
7993	8254
7994	8259
7995	8257
7996	8258
7997	8251
7998	8252
7999	8250
8000	8266
8001	8267
8002	8264
8003	8265
8004	8268
8005	8269
8006	8262
8007	8263
8008	8260
8009	8261
8010	8277
8011	8278
8012	8275
8013	8276
8014	8279
8015	8270
8016	8273
8017	8274
8018	8271
8019	8272
8020	8288
8021	8289
8022	8286
8023	8287
8024	8280
8025	8281
8026	8284
8027	8285
8028	8282
8029	8283
8030	8299
8031	8297
8032	8298
8033	8291
8034	8292
8035	8290
8036	8295
8037	8296
8038	8293
8039	8294
8040	4705
8041	4706
8042	4707
8043	4708
8044	4709
8045	4700
8046	4701
8047	4702
8048	4703
8049	4704
8050	4716
8051	4717
8052	4718
8053	4719
8054	4710
8055	4711
8056	4712
8057	4713
8058	4714
8059	4715
8060	4727
8061	4728
8062	4729
8063	4720
8064	4721
8065	4722
8066	4723
8067	4724
8068	4725
8069	4726
8070	4740
8071	3406
8072	4738
8073	3405
8074	4739
8075	3404
8076	3403
8077	3402
8078	3401
8079	3400
8080	4730
8081	4731
8082	4732
8083	4733
8084	4734
8085	3409
8086	4735
8087	3408
8088	4736
8089	3407
8090	4737
8091	4750
8092	4751
8093	3420
8094	3417
8095	4749
8096	3416
8097	3415
8098	3414
8099	3413
8100	3412
8101	3411
8102	3410
8103	4741
8104	4742
8105	4743
8106	4744
8107	4745
8108	4746
8109	3419
8110	4747
8111	3418
8112	4748
8113	4760
8114	4761
8115	4762
8116	2100
8117	3431
8118	3430
8119	3428
8120	3427
8121	3426
8122	3425
8123	3424
8124	3423
8125	3422
8126	3421
8127	4752
8128	4753
8129	4754
8130	4755
8131	4756
8132	4757
8133	4758
8134	3429
8135	4759
8136	4770
8137	4771
8138	4772
8139	4773
8140	2111
8141	3442
8142	2110
8143	3441
8144	3440
8145	2108
8146	3439
8147	2107
8148	3438
8149	2106
8150	3437
8151	2105
8152	3436
8153	2104
8154	3435
8155	2103
8156	3434
8157	2102
8158	3433
8159	2101
8160	3432
8161	4763
8162	4764
8163	4765
8164	4766
8165	4767
8166	4768
8167	4769
8168	2109
8169	4780
8170	4781
8171	4782
8172	4783
8173	4784
8174	2122
8175	3453
8176	2121
8177	3452
8178	2120
8179	3451
8180	3450
8181	2119
8182	2118
8183	3449
8184	2117
8185	3448
8186	2116
8187	3447
8188	2115
8189	3446
8190	2114
8191	3445
8192	2113
8193	3444
8194	2112
8195	3443
8196	4774
8197	4775
8198	4776
8199	4777
8200	4778
8201	4779
8202	4790
8203	4791
8204	4792
8205	4793
8206	4794
8207	4795
8208	2133
8209	3464
8210	2132
8211	3463
8212	2131
8213	3462
8214	2130
8215	3461
8216	3460
8217	2129
8218	2128
8219	3459
8220	2127
8221	3458
8222	2126
8223	3457
8224	2125
8225	3456
8226	2124
8227	3455
8228	2123
8229	3454
8230	4785
8231	4786
8232	4787
8233	4788
8234	4789
8235	2144
8236	3475
8237	2143
8238	3474
8239	2142
8240	3473
8241	2141
8242	3472
8243	2140
8244	3471
8245	3470
8246	2139
8247	2138
8248	3469
8249	2137
8250	3468
8251	2136
8252	3467
8253	2135
8254	3466
8255	2134
8256	3465
8257	4796
8258	4797
8259	4798
8260	4799
8261	2155
8262	3486
8263	2154
8264	3485
8265	2153
8266	3484
8267	2152
8268	3483
8269	2151
8270	3482
8271	2150
8272	3481
8273	3480
8274	2149
8275	2148
8276	3479
8277	2147
8278	3478
8279	2146
8280	3477
8281	2145
8282	3476
8283	2166
8284	3497
8285	2165
8286	3496
8287	2164
8288	3495
8289	2163
8290	3494
8291	2162
8292	3493
8293	2161
8294	3492
8295	2160
8296	3491
8297	3490
8298	2159
8299	2158
8300	3489
8301	2157
8302	3488
8303	2156
8304	3487
8305	2177
8306	2176
8307	2175
8308	2174
8309	2173
8310	2172
8311	2171
8312	2170
8313	2169
8314	2168
8315	3499
8316	2167
8317	3498
8318	2180
8319	2188
8320	2187
8321	2186
8322	2185
8323	2184
8324	2183
8325	2182
8326	2181
8327	2179
8328	2178
8329	2191
8330	2190
8331	2199
8332	2198
8333	2197
8334	2196
8335	2195
8336	2194
8337	2193
8338	2192
8339	2189
8340	8300
8341	8303
8342	8304
8343	8301
8344	8302
8345	8310
8346	8311
8347	8314
8348	8315
8349	8312
8350	8313
8351	8307
8352	8308
8353	8305
8354	8306
8355	8309
8356	8321
8357	8322
8358	8320
8359	8325
8360	8326
8361	8323
8362	8324
8363	8318
8364	8319
8365	8316
8366	8317
8367	7000
8368	8332
8369	8333
8370	7002
8371	8330
8372	7001
8373	8331
8374	8336
8375	7004
8376	7003
8377	8337
8378	7006
8379	8334
8380	7005
8381	8335
8382	8329
8383	8327
8384	8328
8385	7011
8386	8343
8387	7010
8388	8344
8389	7013
8390	8341
8391	8342
8392	7012
8393	7015
8394	8348
8395	7014
8396	7017
8397	8345
8398	7016
8399	8346
8400	8340
8401	7008
8402	7007
8403	8338
8404	7009
8405	8339
8406	7022
8407	8354
8408	7021
8409	8355
8410	7024
8411	8352
8412	8353
8413	7023
8414	7026
8415	8358
8416	7025
8417	8359
8418	7028
8419	8356
8420	7027
8421	8357
8422	8350
8423	8351
8424	7020
8425	7019
8426	7018
8427	8349
8428	7033
8429	8365
8430	8366
8431	7032
8432	7035
8433	8363
8434	7034
8435	8364
8436	7037
8437	8369
8438	7036
8439	7039
8440	8367
8441	7038
8442	8368
8443	8361
8444	8362
8445	7031
8446	7030
8447	8360
8448	7029
8449	7044
8450	8376
8451	7043
8452	8377
8453	7046
8454	8374
8455	7045
8456	8375
8457	7048
8458	7047
8459	8378
8460	8379
8461	7049
8462	7040
8463	8372
8464	8373
8465	7042
8466	8370
8467	8371
8468	7041
8469	7055
8470	8387
8471	7054
8472	8388
8473	7057
8474	8385
8475	7056
8476	8386
8477	7059
8478	7058
8479	8389
8480	8380
8481	7051
8482	8383
8483	7050
8484	8384
8485	7053
8486	8381
8487	7052
8488	8382
8489	7066
8490	8398
8491	8399
8492	7065
8493	8396
8494	7068
8495	7067
8496	8397
8497	7069
8498	8390
8499	8391
8500	7060
8501	8394
8502	7061
8503	8395
8504	7064
8505	8392
8506	8393
8507	7063
8508	7077
8509	7076
8510	7079
8511	7078
8512	7071
8513	7070
8514	7073
8515	7072
8516	7075
8517	7074
8518	7088
8519	7087
8520	7089
8521	7080
8522	7082
8523	7081
8524	7084
8525	7083
8526	7086
8527	7085
8528	4804
8529	4805
8530	4806
8531	4807
8532	4808
8533	4809
8534	4800
8535	4801
8536	4802
8537	4803
8538	7099
8539	7098
8540	7091
8541	7090
8542	7093
8543	7092
8544	7095
8545	7094
8546	7097
8547	7096
8548	4815
8549	4816
8550	4817
8551	4818
8552	4819
8553	4810
8554	4811
8555	4812
8556	4813
8557	4814
8558	4826
8559	4827
8560	4828
8561	4829
8562	4820
8563	4821
8564	4822
8565	4823
8566	4824
8567	4825
8568	3505
8569	4837
8570	3504
8571	4838
8572	3503
8573	4839
8574	3502
8575	3501
8576	3500
8577	4830
8578	4831
8579	4832
8580	3509
8581	4833
8582	3508
8583	4834
8584	3507
8585	4835
8586	3506
8587	4836
8588	4850
8589	3516
8590	4848
8591	3515
8592	4849
8593	3514
8594	3513
8595	3512
8596	3511
8597	3510
8598	4840
8599	4841
8600	4842
8601	4843
8602	4844
8603	3519
8604	4845
8605	3518
8606	4846
8607	3517
8608	4847
8609	4860
8610	4861
8611	3530
8612	3527
8613	4859
8614	3526
8615	3525
8616	3524
8617	3523
8618	3522
8619	3521
8620	3520
8621	4851
8622	4852
8623	4853
8624	4854
8625	4855
8626	4856
8627	3529
8628	4857
8629	3528
8630	4858
8631	4870
8632	4871
8633	4872
8634	2210
8635	3541
8636	3540
8637	2207
8638	3538
8639	2206
8640	3537
8641	2205
8642	3536
8643	2204
8644	3535
8645	2203
8646	3534
8647	2202
8648	3533
8649	2201
8650	3532
8651	2200
8652	3531
8653	4862
8654	4863
8655	4864
8656	4865
8657	4866
8658	4867
8659	2209
8660	4868
8661	2208
8662	3539
8663	4869
8664	4880
8665	4881
8666	4882
8667	4883
8668	2221
8669	3552
8670	2220
8671	3551
8672	3550
8673	2218
8674	3549
8675	2217
8676	3548
8677	2216
8678	3547
8679	2215
8680	3546
8681	2214
8682	3545
8683	2213
8684	3544
8685	2212
8686	3543
8687	2211
8688	3542
8689	4873
8690	4874
8691	4875
8692	4876
8693	4877
8694	4878
8695	4879
8696	2219
8697	4890
8698	4891
8699	4892
8700	4893
8701	4894
8702	2232
8703	3563
8704	2231
8705	3562
8706	2230
8707	3561
8708	3560
8709	2229
8710	2228
8711	3559
8712	2227
8713	3558
8714	2226
8715	3557
8716	2225
8717	3556
8718	2224
8719	3555
8720	2223
8721	3554
8722	2222
8723	3553
8724	4884
8725	4885
8726	4886
8727	4887
8728	4888
8729	4889
8730	2243
8731	3574
8732	2242
8733	3573
8734	2241
8735	3572
8736	2240
8737	3571
8738	3570
8739	2239
8740	2238
8741	3569
8742	2237
8743	3568
8744	2236
8745	3567
8746	2235
8747	3566
8748	2234
8749	3565
8750	2233
8751	3564
8752	4895
8753	4896
8754	4897
8755	4898
8756	4899
8757	2254
8758	3585
8759	2253
8760	3584
8761	2252
8762	3583
8763	2251
8764	3582
8765	2250
8766	3581
8767	3580
8768	2249
8769	2248
8770	3579
8771	2247
8772	3578
8773	2246
8774	3577
8775	2245
8776	3576
8777	2244
8778	3575
8779	2265
8780	3596
8781	2264
8782	3595
8783	2263
8784	3594
8785	2262
8786	3593
8787	2261
8788	3592
8789	2260
8790	3591
8791	3590
8792	2259
8793	2258
8794	3589
8795	2257
8796	3588
8797	2256
8798	3587
8799	2255
8800	3586
8801	2276
8802	2275
8803	2274
8804	2273
8805	2272
8806	2271
8807	2270
8808	2269
8809	2268
8810	3599
8811	2267
8812	3598
8813	2266
8814	2287
8815	2286
8816	2285
8817	2284
8818	2283
8819	2282
8820	2281
8821	2280
8822	2279
8823	2278
8824	2277
8825	2290
8826	2298
8827	2297
8828	2296
8829	2295
8830	2294
8831	2293
8832	2292
8833	2291
8834	2289
8835	2288
8836	2299
8837	8402
8838	8403
8839	8400
8840	8401
8841	100
8842	101
8843	102
8844	103
8845	104
8846	105
8847	106
8848	107
8849	108
8850	109
8851	8410
8852	8413
8853	8414
8854	8411
8855	8412
8856	110
8857	111
8858	112
8859	113
8860	114
8861	115
8862	116
8863	117
8864	8406
8865	118
8866	119
8867	8407
8868	8404
8869	8405
8870	8408
8871	8409
8872	8420
8873	8421
8874	8424
8875	8425
8876	8422
8877	8423
8878	120
8879	121
8880	122
8881	123
8882	124
8883	125
8884	126
8885	127
8886	128
8887	8417
8888	129
8889	8418
8890	8415
8891	8416
8892	8419
8893	8431
8894	8432
8895	7101
8896	8430
8897	7100
8898	7103
8899	8435
8900	8436
8901	7102
8902	7105
8903	8433
8904	8434
8905	7104
8906	130
8907	131
8908	132
8909	133
8910	134
8911	135
8912	136
8913	137
8914	138
8915	139
8916	8428
8917	8429
8918	8426
8919	8427
8920	8442
8921	7110
8922	8443
8923	7112
8924	8440
8925	8441
8926	7111
8927	7114
8928	8446
8929	7113
8930	8447
8931	7116
8932	8444
8933	7115
8934	8445
8935	140
8936	141
8937	142
8938	143
8939	144
8940	145
8941	146
8942	147
8943	148
8944	149
8945	7107
8946	8439
8947	7106
8948	7109
8949	8437
8950	8438
8951	7108
8952	7121
8953	8453
8954	7120
8955	8454
8956	7123
8957	8451
8958	7122
8959	8452
8960	7125
8961	8457
8962	7124
8963	8458
8964	7127
8965	8455
8966	7126
8967	8456
8968	150
8969	8450
8970	151
8971	152
8972	153
8973	154
8974	155
8975	156
8976	157
8977	158
8978	159
8979	7118
8980	7117
8981	8448
8982	8449
8983	7119
8984	7132
8985	8464
8986	7131
8987	8465
8988	8462
8989	7134
8990	7133
8991	8463
8992	8468
8993	7136
8994	8469
8995	7135
8996	8466
8997	7138
8998	7137
8999	8467
9000	160
9001	8460
9002	161
9003	8461
9004	162
9005	7130
9006	163
9007	164
9008	165
9009	166
9010	167
9011	168
9012	169
9013	7129
9014	7128
9015	8459
9016	7143
9017	8475
9018	7142
9019	8476
9020	7145
9021	8473
9022	7144
9023	8474
9024	8479
9025	7147
9026	7146
9027	8477
9028	7149
9029	7148
9030	8478
9031	170
9032	171
9033	172
9034	8471
9035	173
9036	8472
9037	174
9038	7141
9039	7140
9040	175
9041	176
9042	177
9043	178
9044	179
9045	7139
9046	7154
9047	8486
9048	8487
9049	7153
9050	7156
9051	8484
9052	7155
9053	8485
9054	7158
9055	7157
9056	8488
9057	7159
9058	8489
9059	180
9060	181
9061	182
9062	7150
9063	8482
9064	183
9065	8483
9066	184
9067	7152
9068	8480
9069	185
9070	8481
9071	186
9072	7151
9073	187
9074	188
9075	189
9076	8497
9077	7165
9078	8498
9079	7164
9080	8495
9081	7167
9082	8496
9083	7166
9084	7169
9085	7168
9086	8499
9087	190
9088	8490
9089	191
9090	192
9091	193
9092	8493
9093	7161
9094	194
9095	8494
9096	195
9097	7160
9098	7163
9099	196
9100	8491
9101	7162
9102	197
9103	8492
9104	198
9105	199
9106	7176
9107	7175
9108	7178
9109	7177
9110	7179
9111	7170
9112	7172
9113	7171
9114	7174
9115	7173
9116	7187
9117	7186
9118	7189
9119	7188
9120	7181
9121	7180
9122	7183
9123	7182
9124	7185
9125	7184
9126	4903
9127	4904
9128	4905
9129	4906
9130	4907
9131	4908
9132	4909
9133	4900
9134	4901
9135	4902
9136	7198
9137	7197
9138	7199
9139	7190
9140	7192
9141	7191
9142	7194
9143	7193
9144	7196
9145	7195
9146	4914
9147	4915
9148	4916
9149	4917
9150	4918
9151	4919
9152	4910
9153	4911
9154	4912
9155	4913
9156	4925
9157	4926
9158	4927
9159	4928
9160	4929
9161	4920
9162	4921
9163	4922
9164	4923
9165	4924
9166	3604
9167	4936
9168	3603
9169	4937
9170	3602
9171	4938
9172	3601
9173	4939
9174	3600
9175	4930
9176	3609
9177	4931
9178	3608
9179	4932
9180	3607
9181	4933
9182	3606
9183	4934
9184	3605
9185	4935
9186	3615
9187	4947
9188	3614
9189	4948
9190	3613
9191	4949
9192	3612
9193	3611
9194	3610
9195	4940
9196	4941
9197	4942
9198	3619
9199	4943
9200	3618
9201	4944
9202	3617
9203	4945
9204	3616
9205	4946
9206	4960
9207	3626
9208	4958
9209	3625
9210	4959
9211	3624
9212	3623
9213	3622
9214	3621
9215	3620
9216	4950
9217	4951
9218	4952
9219	4953
9220	4954
9221	3629
9222	4955
9223	3628
9224	4956
9225	3627
9226	4957
